0,51.0,67.58000000000001,2020-05-19 18:10:00
0,51.0,67.58000000000001,2020-05-19 18:15:00
0,50.0,67.58000000000001,2020-05-19 18:20:00
0,50.0,67.4,2020-05-19 18:25:00
0,50.0,67.58000000000001,2020-05-19 18:30:00
0,50.0,67.58000000000001,2020-05-19 18:35:00
0,50.0,67.4,2020-05-19 18:40:00
0,50.0,67.4,2020-05-19 18:45:00
0,49.0,67.4,2020-05-19 18:50:00
0,50.0,67.4,2020-05-19 18:55:00
0,50.0,67.4,2020-05-19 19:00:00
0,50.0,67.22,2020-05-19 19:05:00
0,50.0,67.4,2020-05-19 19:10:00
0,50.0,67.22,2020-05-19 19:15:00
0,50.0,67.22,2020-05-19 19:20:00
0,49.0,67.03999999999999,2020-05-19 19:25:00
0,50.0,67.03999999999999,2020-05-19 19:30:00
0,50.0,67.22,2020-05-19 19:35:00
0,50.0,67.03999999999999,2020-05-19 19:40:00
0,51.0,67.03999999999999,2020-05-19 19:45:00
0,50.0,67.03999999999999,2020-05-19 19:50:00
0,50.0,67.03999999999999,2020-05-19 19:55:00
0,50.0,67.03999999999999,2020-05-19 20:00:00
0,50.0,66.86,2020-05-19 20:05:00
0,50.0,66.68,2020-05-19 20:10:00
0,50.0,66.68,2020-05-19 20:15:00
0,50.0,66.32,2020-05-19 20:20:00
0,51.0,66.5,2020-05-19 20:25:00
0,51.0,66.32,2020-05-19 20:30:00
0,51.0,66.32,2020-05-19 20:35:00
0,51.0,66.32,2020-05-19 20:40:00
0,52.0,66.14,2020-05-19 20:45:00
0,52.0,66.14,2020-05-19 20:50:00
0,53.0,66.14,2020-05-19 20:55:00
0,52.0,66.14,2020-05-19 21:00:00
0,53.0,66.14,2020-05-19 21:05:00
0,53.0,65.96000000000001,2020-05-19 21:10:00
0,53.0,65.96000000000001,2020-05-19 21:15:00
0,53.0,65.78,2020-05-19 21:20:00
0,53.0,65.78,2020-05-19 21:25:00
0,52.0,65.78,2020-05-19 21:30:00
0,53.0,65.6,2020-05-19 21:35:00
0,53.0,65.6,2020-05-19 21:40:00
0,53.0,65.6,2020-05-19 21:45:00
0,52.0,65.42,2020-05-19 21:50:00
0,52.0,65.42,2020-05-19 21:55:00
0,52.0,65.24000000000001,2020-05-19 22:00:00
0,52.0,65.24000000000001,2020-05-19 22:05:00
0,52.0,65.24000000000001,2020-05-19 22:10:00
0,52.0,65.06,2020-05-19 22:15:00
0,52.0,65.06,2020-05-19 22:20:00
0,52.0,64.88,2020-05-19 22:25:00
0,52.0,65.06,2020-05-19 22:30:00
0,52.0,65.06,2020-05-19 22:35:00
0,51.0,64.88,2020-05-19 22:40:00
0,52.0,64.88,2020-05-19 22:45:00
0,53.0,64.88,2020-05-19 22:50:00
0,53.0,64.7,2020-05-19 22:55:00
0,52.0,64.7,2020-05-19 23:00:00
0,52.0,64.52,2020-05-19 23:05:00
0,53.0,64.52,2020-05-19 23:10:00
0,53.0,64.52,2020-05-19 23:15:00
0,53.0,64.52,2020-05-19 23:20:00
0,53.0,64.52,2020-05-19 23:25:00
0,53.0,64.34,2020-05-19 23:30:00
0,53.0,64.16,2020-05-19 23:35:00
0,54.0,64.34,2020-05-19 23:40:00
0,53.0,64.16,2020-05-19 23:45:00
0,54.0,64.16,2020-05-19 23:50:00
0,53.0,64.16,2020-05-19 23:55:00
0,54.0,64.16,2020-05-20 00:00:00
0,54.0,64.16,2020-05-20 00:05:00
0,54.0,64.16,2020-05-20 00:10:00
0,54.0,63.980000000000004,2020-05-20 00:15:00
0,54.0,63.980000000000004,2020-05-20 00:20:00
0,54.0,63.80000000000001,2020-05-20 00:25:00
0,54.0,63.80000000000001,2020-05-20 00:30:00
0,54.0,63.80000000000001,2020-05-20 00:35:00
0,54.0,63.80000000000001,2020-05-20 00:40:00
0,54.0,63.620000000000005,2020-05-20 00:45:00
0,54.0,63.620000000000005,2020-05-20 00:50:00
0,55.0,63.620000000000005,2020-05-20 00:55:00
0,55.0,63.620000000000005,2020-05-20 01:00:00
0,55.0,63.620000000000005,2020-05-20 01:05:00
0,55.0,63.620000000000005,2020-05-20 01:10:00
0,55.0,63.620000000000005,2020-05-20 01:15:00
0,55.0,63.44,2020-05-20 01:20:00
0,55.0,63.44,2020-05-20 01:25:00
0,55.0,63.44,2020-05-20 01:30:00
0,55.0,63.44,2020-05-20 01:35:00
0,55.0,63.44,2020-05-20 01:40:00
0,55.0,63.25999999999999,2020-05-20 01:45:00
0,55.0,63.25999999999999,2020-05-20 01:50:00
0,55.0,63.25999999999999,2020-05-20 01:55:00
0,56.0,63.25999999999999,2020-05-20 02:00:00
0,55.0,63.08000000000001,2020-05-20 02:05:00
0,55.0,63.08000000000001,2020-05-20 02:10:00
0,55.0,63.08000000000001,2020-05-20 02:15:00
0,56.0,63.08000000000001,2020-05-20 02:20:00
0,56.0,63.08000000000001,2020-05-20 02:25:00
0,56.0,62.900000000000006,2020-05-20 02:30:00
0,57.0,63.08000000000001,2020-05-20 02:35:00
0,56.0,63.08000000000001,2020-05-20 02:40:00
0,56.0,62.900000000000006,2020-05-20 02:45:00
0,56.0,63.08000000000001,2020-05-20 02:50:00
0,57.0,62.900000000000006,2020-05-20 02:55:00
0,56.0,62.900000000000006,2020-05-20 03:00:00
0,57.0,62.900000000000006,2020-05-20 03:05:00
0,57.0,62.900000000000006,2020-05-20 03:10:00
0,57.0,62.900000000000006,2020-05-20 03:15:00
0,57.0,62.72,2020-05-20 03:20:00
0,57.0,62.72,2020-05-20 03:25:00
0,57.0,62.72,2020-05-20 03:30:00
0,57.0,62.72,2020-05-20 03:35:00
0,57.0,62.72,2020-05-20 03:40:00
0,57.0,62.72,2020-05-20 03:45:00
0,58.0,62.72,2020-05-20 03:50:00
0,58.0,62.53999999999999,2020-05-20 03:55:00
0,57.0,62.36,2020-05-20 04:00:00
0,57.0,62.53999999999999,2020-05-20 04:05:00
0,57.0,62.53999999999999,2020-05-20 04:10:00
0,57.0,62.36,2020-05-20 04:15:00
0,58.0,62.36,2020-05-20 04:20:00
0,57.0,62.36,2020-05-20 04:25:00
0,57.0,62.36,2020-05-20 04:30:00
0,58.0,62.36,2020-05-20 04:35:00
0,59.0,62.36,2020-05-20 04:40:00
0,58.0,62.18000000000001,2020-05-20 04:45:00
0,58.0,62.18000000000001,2020-05-20 04:50:00
0,58.0,62.18000000000001,2020-05-20 04:55:00
0,58.0,62.0,2020-05-20 05:00:00
0,58.0,62.0,2020-05-20 05:05:00
0,58.0,62.0,2020-05-20 05:10:00
0,58.0,62.0,2020-05-20 05:15:00
0,59.0,62.0,2020-05-20 05:20:00
0,59.0,62.0,2020-05-20 05:25:00
0,59.0,62.0,2020-05-20 05:30:00
0,59.0,62.0,2020-05-20 05:35:00
0,59.0,62.0,2020-05-20 05:40:00
0,59.0,61.81999999999999,2020-05-20 05:45:00
0,59.0,61.81999999999999,2020-05-20 05:50:00
0,59.0,61.81999999999999,2020-05-20 05:55:00
0,59.0,61.81999999999999,2020-05-20 06:00:00
0,59.0,61.81999999999999,2020-05-20 06:05:00
0,59.0,61.81999999999999,2020-05-20 06:10:00
0,60.0,61.64,2020-05-20 06:15:00
0,59.0,61.64,2020-05-20 06:20:00
0,60.0,61.64,2020-05-20 06:25:00
0,59.0,61.81999999999999,2020-05-20 06:30:00
0,59.0,61.81999999999999,2020-05-20 06:35:00
0,59.0,61.81999999999999,2020-05-20 06:40:00
0,57.0,61.81999999999999,2020-05-20 06:45:00
0,57.0,61.81999999999999,2020-05-20 06:50:00
0,56.0,61.81999999999999,2020-05-20 06:55:00
0,55.0,61.81999999999999,2020-05-20 07:00:00
0,56.0,62.18000000000001,2020-05-20 07:05:00
0,55.0,62.53999999999999,2020-05-20 07:10:00
0,55.0,62.900000000000006,2020-05-20 07:15:00
0,55.0,63.25999999999999,2020-05-20 07:20:00
0,55.0,63.620000000000005,2020-05-20 07:25:00
0,55.0,63.80000000000001,2020-05-20 07:30:00
0,54.0,64.16,2020-05-20 07:35:00
0,54.0,64.34,2020-05-20 07:40:00
0,55.0,64.7,2020-05-20 07:45:00
0,54.0,64.7,2020-05-20 07:50:00
0,54.0,64.7,2020-05-20 07:55:00
0,54.0,64.88,2020-05-20 08:00:00
0,53.0,65.06,2020-05-20 08:05:00
0,53.0,65.06,2020-05-20 08:10:00
0,53.0,65.24000000000001,2020-05-20 08:15:00
0,53.0,65.24000000000001,2020-05-20 08:20:00
0,53.0,65.24000000000001,2020-05-20 08:25:00
0,53.0,65.42,2020-05-20 08:30:00
0,52.0,65.6,2020-05-20 08:35:00
0,52.0,65.6,2020-05-20 08:40:00
0,52.0,65.78,2020-05-20 08:45:00
0,52.0,65.78,2020-05-20 08:50:00
0,52.0,65.78,2020-05-20 08:55:00
0,52.0,65.96000000000001,2020-05-20 09:00:00
0,51.0,65.78,2020-05-20 09:05:00
0,52.0,65.96000000000001,2020-05-20 09:10:00
0,51.0,66.14,2020-05-20 09:15:00
0,51.0,66.32,2020-05-20 09:20:00
0,51.0,66.32,2020-05-20 09:25:00
0,51.0,66.32,2020-05-20 09:25:00
0,52.0,66.32,2020-05-20 09:30:00
0,51.0,66.32,2020-05-20 09:35:00
0,51.0,66.5,2020-05-20 09:40:00
0,51.0,66.5,2020-05-20 09:45:00
0,51.0,66.5,2020-05-20 09:50:00
0,51.0,66.5,2020-05-20 09:55:00
0,51.0,66.68,2020-05-20 10:00:00
0,51.0,66.86,2020-05-20 10:05:00
0,51.0,66.68,2020-05-20 10:10:00
0,51.0,66.86,2020-05-20 10:15:00
0,51.0,66.86,2020-05-20 10:20:00
0,51.0,66.86,2020-05-20 10:25:00
0,51.0,66.86,2020-05-20 10:30:00
0,50.0,66.86,2020-05-20 10:35:00
0,51.0,67.03999999999999,2020-05-20 10:40:00
0,50.0,67.03999999999999,2020-05-20 10:45:00
0,50.0,67.03999999999999,2020-05-20 10:50:00
0,50.0,67.22,2020-05-20 10:55:00
0,50.0,67.4,2020-05-20 11:00:00
0,50.0,67.58000000000001,2020-05-20 11:05:00
0,50.0,67.75999999999999,2020-05-20 11:10:00
0,50.0,67.75999999999999,2020-05-20 11:15:00
0,50.0,67.75999999999999,2020-05-20 11:20:00
0,50.0,67.94,2020-05-20 11:25:00
0,49.0,68.12,2020-05-20 11:30:00
0,50.0,67.94,2020-05-20 11:35:00
0,50.0,67.94,2020-05-20 11:40:00
0,50.0,67.94,2020-05-20 11:45:00
0,50.0,68.12,2020-05-20 11:50:00
0,50.0,68.12,2020-05-20 11:55:00
0,49.0,68.30000000000001,2020-05-20 12:00:00
0,49.0,68.30000000000001,2020-05-20 12:05:00
0,49.0,68.30000000000001,2020-05-20 12:10:00
0,49.0,68.48,2020-05-20 12:15:00
0,50.0,68.48,2020-05-20 12:20:00
0,50.0,68.66,2020-05-20 12:25:00
0,50.0,68.66,2020-05-20 12:30:00
0,49.0,68.66,2020-05-20 12:35:00
0,50.0,68.48,2020-05-20 12:40:00
0,50.0,68.30000000000001,2020-05-20 12:45:00
0,50.0,68.66,2020-05-20 12:50:00
0,50.0,68.66,2020-05-20 12:55:00
0,50.0,68.66,2020-05-20 13:00:00
0,50.0,68.30000000000001,2020-05-20 13:05:00
0,50.0,68.66,2020-05-20 13:10:00
0,50.0,68.48,2020-05-20 13:15:00
0,50.0,68.66,2020-05-20 13:20:00
0,50.0,68.48,2020-05-20 13:25:00
0,50.0,68.66,2020-05-20 13:30:00
0,50.0,68.66,2020-05-20 13:35:00
0,50.0,68.66,2020-05-20 13:40:00
0,50.0,68.84,2020-05-20 13:45:00
0,50.0,68.66,2020-05-20 13:50:00
0,50.0,68.66,2020-05-20 13:55:00
0,49.0,68.48,2020-05-20 14:00:00
0,50.0,68.48,2020-05-20 14:05:00
0,50.0,68.84,2020-05-20 14:10:00
0,50.0,68.66,2020-05-20 14:15:00
0,51.0,68.84,2020-05-20 14:20:00
0,50.0,68.84,2020-05-20 14:25:00
0,50.0,68.66,2020-05-20 14:30:00
0,51.0,68.84,2020-05-20 14:35:00
0,51.0,68.84,2020-05-20 14:40:00
0,50.0,69.02,2020-05-20 14:45:00
0,50.0,68.84,2020-05-20 14:50:00
0,50.0,69.02,2020-05-20 14:55:00
0,50.0,68.84,2020-05-20 15:00:00
0,50.0,69.02,2020-05-20 15:05:00
0,50.0,68.84,2020-05-20 15:10:00
0,50.0,69.02,2020-05-20 15:15:00
0,50.0,69.2,2020-05-20 15:20:00
0,50.0,68.84,2020-05-20 15:25:00
0,50.0,69.02,2020-05-20 15:30:00
0,49.0,69.02,2020-05-20 15:35:00
0,49.0,69.02,2020-05-20 15:40:00
0,49.0,69.38,2020-05-20 15:45:00
0,50.0,69.02,2020-05-20 15:50:00
0,50.0,69.02,2020-05-20 15:55:00
0,50.0,69.2,2020-05-20 16:00:00
0,50.0,69.2,2020-05-20 16:05:00
0,49.0,69.38,2020-05-20 16:10:00
0,49.0,69.38,2020-05-20 16:15:00
0,49.0,69.56,2020-05-20 16:20:00
0,50.0,69.38,2020-05-20 16:25:00
0,49.0,69.56,2020-05-20 16:30:00
0,51.0,69.56,2020-05-20 16:35:00
0,50.0,69.56,2020-05-20 16:40:00
0,50.0,69.56,2020-05-20 16:45:00
0,50.0,69.74000000000001,2020-05-20 16:50:00
0,50.0,69.56,2020-05-20 16:55:00
0,50.0,69.38,2020-05-20 17:00:00
0,50.0,69.38,2020-05-20 17:05:00
0,50.0,69.56,2020-05-20 17:10:00
0,49.0,69.56,2020-05-20 17:15:00
0,50.0,69.56,2020-05-20 17:20:00
0,50.0,69.56,2020-05-20 17:25:00
0,50.0,69.74000000000001,2020-05-20 17:30:00
0,50.0,69.38,2020-05-20 17:35:00
0,50.0,69.38,2020-05-20 17:40:00
0,49.0,69.74000000000001,2020-05-20 17:45:00
0,50.0,69.56,2020-05-20 17:50:00
0,50.0,69.56,2020-05-20 17:55:00
0,50.0,69.74000000000001,2020-05-20 18:00:00
0,49.0,69.74000000000001,2020-05-20 18:05:00
0,49.0,69.74000000000001,2020-05-20 18:10:00
0,49.0,69.74000000000001,2020-05-20 18:15:00
0,49.0,69.74000000000001,2020-05-20 18:20:00
0,49.0,69.74000000000001,2020-05-20 18:25:00
0,50.0,69.74000000000001,2020-05-20 18:30:00
0,49.0,69.74000000000001,2020-05-20 18:35:00
0,49.0,69.74000000000001,2020-05-20 18:40:00
0,49.0,69.56,2020-05-20 18:45:00
0,50.0,69.56,2020-05-20 18:50:00
0,50.0,69.74000000000001,2020-05-20 18:55:00
0,50.0,69.56,2020-05-20 19:00:00
0,49.0,69.74000000000001,2020-05-20 19:05:00
0,50.0,69.74000000000001,2020-05-20 19:10:00
0,49.0,69.74000000000001,2020-05-20 19:15:00
0,50.0,69.56,2020-05-20 19:20:00
0,50.0,69.56,2020-05-20 19:25:00
0,50.0,69.74000000000001,2020-05-20 19:30:00
0,49.0,69.74000000000001,2020-05-20 19:35:00
0,49.0,69.56,2020-05-20 19:40:00
0,49.0,69.56,2020-05-20 19:45:00
0,49.0,69.74000000000001,2020-05-20 19:50:00
0,49.0,69.56,2020-05-20 19:55:00
0,49.0,69.56,2020-05-20 20:00:00
0,49.0,69.56,2020-05-20 20:05:00
0,49.0,69.56,2020-05-20 20:10:00
0,49.0,69.56,2020-05-20 20:15:00
0,50.0,69.56,2020-05-20 20:20:00
0,49.0,69.38,2020-05-20 20:25:00
0,50.0,69.38,2020-05-20 20:30:00
0,49.0,69.2,2020-05-20 20:35:00
0,49.0,69.38,2020-05-20 20:40:00
0,49.0,69.2,2020-05-20 20:45:00
0,49.0,69.2,2020-05-20 20:50:00
0,49.0,69.02,2020-05-20 20:55:00
0,49.0,69.02,2020-05-20 21:00:00
0,49.0,69.02,2020-05-20 21:05:00
0,49.0,69.02,2020-05-20 21:10:00
0,49.0,69.02,2020-05-20 21:15:00
0,49.0,69.02,2020-05-20 21:20:00
0,49.0,68.84,2020-05-20 21:25:00
0,49.0,68.84,2020-05-20 21:30:00
0,49.0,68.84,2020-05-20 21:35:00
0,49.0,68.66,2020-05-20 21:40:00
0,49.0,68.66,2020-05-20 21:45:00
0,49.0,68.66,2020-05-20 21:50:00
0,49.0,68.66,2020-05-20 21:55:00
0,49.0,68.48,2020-05-20 22:00:00
0,49.0,68.48,2020-05-20 22:05:00
0,49.0,68.48,2020-05-20 22:10:00
0,49.0,68.48,2020-05-20 22:15:00
0,49.0,68.48,2020-05-20 22:20:00
0,48.0,68.30000000000001,2020-05-20 22:25:00
0,49.0,68.30000000000001,2020-05-20 22:30:00
0,49.0,68.30000000000001,2020-05-20 22:35:00
0,49.0,68.12,2020-05-20 22:40:00
0,49.0,68.30000000000001,2020-05-20 22:45:00
0,49.0,68.12,2020-05-20 22:50:00
0,48.0,68.12,2020-05-20 22:55:00
0,49.0,67.94,2020-05-20 23:00:00
0,49.0,67.94,2020-05-20 23:05:00
0,49.0,67.94,2020-05-20 23:10:00
0,49.0,67.94,2020-05-20 23:15:00
0,49.0,67.75999999999999,2020-05-20 23:20:00
0,49.0,67.94,2020-05-20 23:25:00
0,49.0,67.75999999999999,2020-05-20 23:30:00
0,49.0,67.75999999999999,2020-05-20 23:35:00
0,49.0,67.75999999999999,2020-05-20 23:40:00
0,49.0,67.75999999999999,2020-05-20 23:45:00
0,49.0,67.58000000000001,2020-05-20 23:50:00
0,49.0,67.58000000000001,2020-05-20 23:55:00
0,49.0,67.58000000000001,2020-05-21 00:00:00
0,49.0,67.58000000000001,2020-05-21 00:05:00
0,49.0,67.58000000000001,2020-05-21 00:10:00
0,48.0,67.58000000000001,2020-05-21 00:15:00
0,49.0,67.4,2020-05-21 00:20:00
0,49.0,67.4,2020-05-21 00:25:00
0,49.0,67.4,2020-05-21 00:30:00
0,50.0,67.58000000000001,2020-05-21 00:35:00
0,50.0,67.4,2020-05-21 00:40:00
0,50.0,67.4,2020-05-21 00:45:00
0,51.0,67.4,2020-05-21 00:50:00
0,51.0,67.4,2020-05-21 00:55:00
0,52.0,67.4,2020-05-21 01:00:00
0,53.0,67.4,2020-05-21 01:05:00
0,53.0,67.22,2020-05-21 01:10:00
0,54.0,67.22,2020-05-21 01:15:00
0,54.0,67.22,2020-05-21 01:20:00
0,54.0,67.22,2020-05-21 01:25:00
0,55.0,67.22,2020-05-21 01:30:00
0,55.0,67.22,2020-05-21 01:35:00
0,55.0,67.22,2020-05-21 01:40:00
0,56.0,67.22,2020-05-21 01:45:00
0,56.0,67.22,2020-05-21 01:50:00
0,56.0,67.22,2020-05-21 01:55:00
0,56.0,67.03999999999999,2020-05-21 02:00:00
0,56.0,67.03999999999999,2020-05-21 02:05:00
0,56.0,67.03999999999999,2020-05-21 02:10:00
0,57.0,67.03999999999999,2020-05-21 02:15:00
0,57.0,67.03999999999999,2020-05-21 02:20:00
0,57.0,66.86,2020-05-21 02:25:00
0,57.0,66.86,2020-05-21 02:30:00
0,57.0,66.68,2020-05-21 02:35:00
0,58.0,66.68,2020-05-21 02:40:00
0,57.0,66.86,2020-05-21 02:45:00
0,58.0,66.68,2020-05-21 02:50:00
0,58.0,66.68,2020-05-21 02:55:00
0,58.0,66.68,2020-05-21 03:00:00
0,58.0,66.68,2020-05-21 03:05:00
0,59.0,66.68,2020-05-21 03:10:00
0,59.0,66.5,2020-05-21 03:15:00
0,59.0,66.5,2020-05-21 03:20:00
0,59.0,66.68,2020-05-21 03:25:00
0,59.0,66.5,2020-05-21 03:30:00
0,59.0,66.5,2020-05-21 03:35:00
0,59.0,66.32,2020-05-21 03:40:00
0,59.0,66.32,2020-05-21 03:45:00
0,59.0,66.32,2020-05-21 03:50:00
0,60.0,66.32,2020-05-21 03:55:00
0,60.0,66.32,2020-05-21 04:00:00
0,60.0,66.32,2020-05-21 04:05:00
0,60.0,66.14,2020-05-21 04:10:00
0,60.0,66.32,2020-05-21 04:15:00
0,60.0,66.32,2020-05-21 04:20:00
0,60.0,66.32,2020-05-21 04:25:00
0,60.0,66.14,2020-05-21 04:30:00
0,60.0,66.14,2020-05-21 04:35:00
0,60.0,65.96000000000001,2020-05-21 04:40:00
0,61.0,65.96000000000001,2020-05-21 04:45:00
0,61.0,65.96000000000001,2020-05-21 04:50:00
0,61.0,65.78,2020-05-21 04:55:00
0,60.0,65.96000000000001,2020-05-21 05:00:00
0,61.0,65.78,2020-05-21 05:05:00
0,61.0,65.96000000000001,2020-05-21 05:10:00
0,61.0,65.96000000000001,2020-05-21 05:15:00
0,61.0,65.78,2020-05-21 05:20:00
0,61.0,65.78,2020-05-21 05:25:00
0,61.0,65.78,2020-05-21 05:30:00
0,62.0,65.78,2020-05-21 05:35:00
0,61.0,65.78,2020-05-21 05:40:00
0,61.0,65.6,2020-05-21 05:45:00
0,61.0,65.6,2020-05-21 05:50:00
0,62.0,65.6,2020-05-21 05:55:00
0,62.0,65.6,2020-05-21 06:00:00
0,62.0,65.6,2020-05-21 06:05:00
0,62.0,65.6,2020-05-21 06:10:00
0,63.0,65.6,2020-05-21 06:15:00
0,62.0,65.6,2020-05-21 06:20:00
0,62.0,65.42,2020-05-21 06:25:00
0,61.0,65.24000000000001,2020-05-21 06:30:00
0,60.0,65.24000000000001,2020-05-21 06:35:00
0,60.0,65.06,2020-05-21 06:40:00
0,59.0,65.06,2020-05-21 06:45:00
0,58.0,65.06,2020-05-21 06:50:00
0,57.0,64.88,2020-05-21 06:55:00
0,55.0,64.88,2020-05-21 07:00:00
0,53.0,65.06,2020-05-21 07:05:00
0,51.0,65.6,2020-05-21 07:10:00
0,51.0,65.78,2020-05-21 07:15:00
0,51.0,65.96000000000001,2020-05-21 07:20:00
0,51.0,66.14,2020-05-21 07:25:00
0,51.0,65.96000000000001,2020-05-21 07:30:00
0,51.0,66.14,2020-05-21 07:35:00
0,51.0,66.14,2020-05-21 07:40:00
0,51.0,65.96000000000001,2020-05-21 07:45:00
0,51.0,65.96000000000001,2020-05-21 07:50:00
0,50.0,66.32,2020-05-21 07:55:00
0,51.0,66.14,2020-05-21 08:00:00
0,50.0,66.14,2020-05-21 08:05:00
0,51.0,66.14,2020-05-21 08:10:00
0,50.0,66.32,2020-05-21 08:15:00
0,51.0,66.5,2020-05-21 08:20:00
0,51.0,66.32,2020-05-21 08:25:00
0,51.0,66.32,2020-05-21 08:30:00
0,51.0,66.32,2020-05-21 08:35:00
0,51.0,66.32,2020-05-21 08:40:00
0,51.0,66.5,2020-05-21 08:45:00
0,51.0,66.5,2020-05-21 08:50:00
0,50.0,66.5,2020-05-21 08:55:00
0,50.0,66.68,2020-05-21 09:00:00
0,51.0,66.86,2020-05-21 09:05:00
0,51.0,66.86,2020-05-21 09:10:00
0,51.0,67.03999999999999,2020-05-21 09:15:00
0,51.0,67.03999999999999,2020-05-21 09:20:00
0,51.0,67.03999999999999,2020-05-21 09:25:00
0,51.0,67.22,2020-05-21 09:30:00
0,51.0,67.22,2020-05-21 09:35:00
0,51.0,67.22,2020-05-21 09:40:00
0,51.0,67.22,2020-05-21 09:45:00
0,51.0,67.22,2020-05-21 09:50:00
0,51.0,67.58000000000001,2020-05-21 09:55:00
0,51.0,67.58000000000001,2020-05-21 10:00:00
0,51.0,67.58000000000001,2020-05-21 10:05:00
0,50.0,67.75999999999999,2020-05-21 10:10:00
0,51.0,67.75999999999999,2020-05-21 10:15:00
0,51.0,67.75999999999999,2020-05-21 10:20:00
0,51.0,67.94,2020-05-21 10:25:00
0,50.0,67.94,2020-05-21 10:30:00
0,51.0,68.12,2020-05-21 10:35:00
0,51.0,68.12,2020-05-21 10:40:00
0,51.0,68.30000000000001,2020-05-21 10:45:00
0,51.0,68.30000000000001,2020-05-21 10:50:00
0,50.0,68.30000000000001,2020-05-21 10:55:00
0,51.0,68.48,2020-05-21 11:00:00
0,51.0,68.48,2020-05-21 11:05:00
0,51.0,68.66,2020-05-21 11:10:00
0,50.0,68.66,2020-05-21 11:15:00
0,51.0,68.66,2020-05-21 11:20:00
0,51.0,68.66,2020-05-21 11:25:00
0,51.0,68.84,2020-05-21 11:30:00
0,51.0,68.84,2020-05-21 11:35:00
0,51.0,69.02,2020-05-21 11:40:00
0,51.0,69.02,2020-05-21 11:45:00
0,51.0,69.2,2020-05-21 11:50:00
0,51.0,69.2,2020-05-21 11:55:00
0,50.0,69.38,2020-05-21 12:00:00
0,51.0,69.38,2020-05-21 12:05:00
0,51.0,69.38,2020-05-21 12:10:00
0,50.0,69.38,2020-05-21 12:15:00
0,51.0,69.38,2020-05-21 12:20:00
0,50.0,69.38,2020-05-21 12:25:00
0,50.0,69.38,2020-05-21 12:30:00
0,50.0,69.56,2020-05-21 12:35:00
0,50.0,69.56,2020-05-21 12:40:00
0,50.0,69.56,2020-05-21 12:45:00
0,51.0,69.74000000000001,2020-05-21 12:50:00
0,50.0,69.74000000000001,2020-05-21 12:55:00
0,50.0,69.56,2020-05-21 13:00:00
0,50.0,69.74000000000001,2020-05-21 13:05:00
0,50.0,69.92,2020-05-21 13:10:00
0,50.0,69.92,2020-05-21 13:15:00
0,50.0,69.92,2020-05-21 13:20:00
0,50.0,69.92,2020-05-21 13:25:00
0,50.0,69.92,2020-05-21 13:30:00
0,50.0,70.1,2020-05-21 13:35:00
0,51.0,69.92,2020-05-21 13:40:00
0,50.0,70.1,2020-05-21 13:45:00
0,50.0,69.92,2020-05-21 13:50:00
0,50.0,70.1,2020-05-21 13:55:00
0,50.0,70.1,2020-05-21 14:00:00
0,50.0,70.1,2020-05-21 14:05:00
0,50.0,70.1,2020-05-21 14:10:00
0,50.0,70.1,2020-05-21 14:15:00
0,50.0,70.1,2020-05-21 14:20:00
0,50.0,70.28,2020-05-21 14:25:00
0,50.0,70.28,2020-05-21 14:30:00
0,50.0,70.28,2020-05-21 14:35:00
0,50.0,70.28,2020-05-21 14:40:00
0,50.0,70.28,2020-05-21 14:45:00
0,50.0,70.28,2020-05-21 14:50:00
0,50.0,70.28,2020-05-21 14:55:00
0,50.0,70.28,2020-05-21 15:00:00
0,50.0,70.28,2020-05-21 15:05:00
0,50.0,70.46000000000001,2020-05-21 15:10:00
0,50.0,70.28,2020-05-21 15:15:00
0,50.0,70.46000000000001,2020-05-21 15:20:00
0,50.0,70.46000000000001,2020-05-21 15:25:00
0,50.0,70.46000000000001,2020-05-21 15:30:00
0,50.0,70.46000000000001,2020-05-21 15:35:00
0,50.0,70.46000000000001,2020-05-21 15:40:00
0,50.0,70.64,2020-05-21 15:45:00
0,50.0,70.46000000000001,2020-05-21 15:50:00
0,50.0,70.64,2020-05-21 15:55:00
0,50.0,70.64,2020-05-21 16:00:00
0,50.0,70.64,2020-05-21 16:05:00
0,50.0,70.46000000000001,2020-05-21 16:10:00
0,50.0,70.46000000000001,2020-05-21 16:15:00
0,50.0,70.46000000000001,2020-05-21 16:20:00
0,50.0,70.46000000000001,2020-05-21 16:25:00
0,50.0,70.64,2020-05-21 16:30:00
0,50.0,70.64,2020-05-21 16:35:00
0,49.0,70.64,2020-05-21 16:40:00
0,50.0,70.82,2020-05-21 16:45:00
0,49.0,70.64,2020-05-21 16:50:00
0,50.0,70.64,2020-05-21 16:55:00
0,50.0,70.64,2020-05-21 17:00:00
0,50.0,70.82,2020-05-21 17:05:00
0,50.0,70.82,2020-05-21 17:10:00
0,50.0,71.0,2020-05-21 17:15:00
0,50.0,71.0,2020-05-21 17:20:00
0,50.0,71.0,2020-05-21 17:25:00
0,50.0,71.0,2020-05-21 17:30:00
0,50.0,71.0,2020-05-21 17:35:00
0,50.0,71.0,2020-05-21 17:40:00
0,50.0,71.18,2020-05-21 17:45:00
0,50.0,71.18,2020-05-21 17:50:00
0,50.0,71.36,2020-05-21 17:55:00
0,50.0,71.18,2020-05-21 18:00:00
0,50.0,71.18,2020-05-21 18:05:00
0,51.0,71.18,2020-05-21 18:10:00
0,50.0,71.18,2020-05-21 18:15:00
0,50.0,71.0,2020-05-21 18:20:00
0,50.0,71.18,2020-05-21 18:25:00
0,50.0,71.18,2020-05-21 18:30:00
0,50.0,71.36,2020-05-21 18:35:00
0,50.0,71.36,2020-05-21 18:40:00
0,50.0,71.36,2020-05-21 18:45:00
0,50.0,71.36,2020-05-21 18:50:00
0,50.0,71.36,2020-05-21 18:55:00
0,50.0,71.18,2020-05-21 19:00:00
0,50.0,71.36,2020-05-21 19:05:00
0,50.0,71.18,2020-05-21 19:10:00
0,50.0,71.36,2020-05-21 19:15:00
0,50.0,71.36,2020-05-21 19:20:00
0,50.0,71.36,2020-05-21 19:25:00
0,49.0,71.36,2020-05-21 19:30:00
0,49.0,71.53999999999999,2020-05-21 19:35:00
0,49.0,71.53999999999999,2020-05-21 19:40:00
0,48.0,71.36,2020-05-21 19:45:00
0,49.0,71.53999999999999,2020-05-21 19:50:00
0,48.0,71.53999999999999,2020-05-21 19:55:00
0,49.0,71.53999999999999,2020-05-21 20:00:00
0,49.0,71.53999999999999,2020-05-21 20:05:00
0,49.0,71.36,2020-05-21 20:10:00
0,48.0,71.18,2020-05-21 20:15:00
0,49.0,71.36,2020-05-21 20:20:00
0,49.0,71.36,2020-05-21 20:25:00
0,48.0,71.0,2020-05-21 20:30:00
0,49.0,71.18,2020-05-21 20:35:00
0,48.0,71.18,2020-05-21 20:40:00
0,49.0,71.0,2020-05-21 20:45:00
0,48.0,71.18,2020-05-21 20:50:00
0,47.0,71.0,2020-05-21 20:55:00
0,48.0,70.82,2020-05-21 21:00:00
0,48.0,70.82,2020-05-21 21:05:00
0,48.0,70.82,2020-05-21 21:10:00
0,48.0,70.82,2020-05-21 21:15:00
0,48.0,70.82,2020-05-21 21:20:00
0,48.0,70.64,2020-05-21 21:25:00
0,48.0,70.82,2020-05-21 21:30:00
0,48.0,70.64,2020-05-21 21:35:00
0,48.0,70.64,2020-05-21 21:40:00
0,48.0,70.64,2020-05-21 21:45:00
0,47.0,70.46000000000001,2020-05-21 21:50:00
0,47.0,70.46000000000001,2020-05-21 21:55:00
0,48.0,70.46000000000001,2020-05-21 22:00:00
0,48.0,70.28,2020-05-21 22:05:00
0,48.0,70.28,2020-05-21 22:10:00
0,48.0,70.28,2020-05-21 22:15:00
0,48.0,70.1,2020-05-21 22:20:00
0,48.0,70.1,2020-05-21 22:25:00
0,48.0,69.92,2020-05-21 22:30:00
0,47.0,70.1,2020-05-21 22:35:00
0,48.0,69.92,2020-05-21 22:40:00
0,48.0,69.92,2020-05-21 22:45:00
0,48.0,69.74000000000001,2020-05-21 22:50:00
0,47.0,69.74000000000001,2020-05-21 22:55:00
0,47.0,69.74000000000001,2020-05-21 23:00:00
0,47.0,69.74000000000001,2020-05-21 23:05:00
0,47.0,69.74000000000001,2020-05-21 23:10:00
0,47.0,69.38,2020-05-21 23:15:00
0,47.0,69.38,2020-05-21 23:20:00
0,46.0,69.38,2020-05-21 23:25:00
0,47.0,69.2,2020-05-21 23:30:00
0,47.0,69.2,2020-05-21 23:35:00
0,47.0,69.2,2020-05-21 23:40:00
0,47.0,69.38,2020-05-21 23:45:00
0,47.0,69.2,2020-05-21 23:50:00
0,47.0,69.2,2020-05-21 23:55:00
0,47.0,69.02,2020-05-22 00:00:00
0,47.0,69.02,2020-05-22 00:05:00
0,47.0,69.02,2020-05-22 00:10:00
0,47.0,68.84,2020-05-22 00:15:00
0,48.0,69.02,2020-05-22 00:20:00
0,47.0,68.84,2020-05-22 00:25:00
0,47.0,68.84,2020-05-22 00:30:00
0,48.0,68.84,2020-05-22 00:35:00
0,48.0,68.84,2020-05-22 00:40:00
0,47.0,68.66,2020-05-22 00:45:00
0,48.0,68.66,2020-05-22 00:50:00
0,47.0,68.66,2020-05-22 00:55:00
0,47.0,68.66,2020-05-22 01:00:00
0,47.0,68.66,2020-05-22 01:05:00
0,47.0,68.66,2020-05-22 01:10:00
0,47.0,68.66,2020-05-22 01:15:00
0,48.0,68.66,2020-05-22 01:20:00
0,47.0,68.48,2020-05-22 01:25:00
0,48.0,68.48,2020-05-22 01:30:00
0,47.0,68.48,2020-05-22 01:35:00
0,47.0,68.66,2020-05-22 01:40:00
0,47.0,68.48,2020-05-22 01:45:00
0,47.0,68.48,2020-05-22 01:50:00
0,47.0,68.30000000000001,2020-05-22 01:55:00
0,47.0,68.30000000000001,2020-05-22 02:00:00
0,48.0,68.48,2020-05-22 02:05:00
0,47.0,68.48,2020-05-22 02:10:00
0,47.0,68.30000000000001,2020-05-22 02:15:00
0,48.0,68.30000000000001,2020-05-22 02:20:00
0,48.0,68.30000000000001,2020-05-22 02:25:00
0,47.0,68.30000000000001,2020-05-22 02:30:00
0,48.0,68.30000000000001,2020-05-22 02:35:00
0,48.0,68.30000000000001,2020-05-22 02:40:00
0,48.0,68.30000000000001,2020-05-22 02:45:00
0,48.0,68.30000000000001,2020-05-22 02:50:00
0,48.0,68.12,2020-05-22 02:55:00
0,47.0,68.12,2020-05-22 03:00:00
0,48.0,68.30000000000001,2020-05-22 03:05:00
0,47.0,68.12,2020-05-22 03:10:00
0,48.0,68.12,2020-05-22 03:15:00
0,48.0,68.12,2020-05-22 03:20:00
0,47.0,68.12,2020-05-22 03:25:00
0,48.0,68.12,2020-05-22 03:30:00
0,47.0,68.12,2020-05-22 03:35:00
0,48.0,67.94,2020-05-22 03:40:00
0,48.0,67.94,2020-05-22 03:45:00
0,48.0,67.75999999999999,2020-05-22 03:50:00
0,48.0,67.94,2020-05-22 03:55:00
0,48.0,67.75999999999999,2020-05-22 04:00:00
0,48.0,67.94,2020-05-22 04:05:00
0,48.0,67.94,2020-05-22 04:10:00
0,48.0,67.94,2020-05-22 04:15:00
0,48.0,67.75999999999999,2020-05-22 04:20:00
0,48.0,67.75999999999999,2020-05-22 04:25:00
0,48.0,67.75999999999999,2020-05-22 04:30:00
0,48.0,67.75999999999999,2020-05-22 04:35:00
0,48.0,67.75999999999999,2020-05-22 04:40:00
0,47.0,67.75999999999999,2020-05-22 04:45:00
0,48.0,67.58000000000001,2020-05-22 04:50:00
0,48.0,67.58000000000001,2020-05-22 04:55:00
0,48.0,67.75999999999999,2020-05-22 05:00:00
0,48.0,67.58000000000001,2020-05-22 05:05:00
0,48.0,67.58000000000001,2020-05-22 05:10:00
0,48.0,67.58000000000001,2020-05-22 05:15:00
0,47.0,67.58000000000001,2020-05-22 05:20:00
0,48.0,67.58000000000001,2020-05-22 05:25:00
0,48.0,67.4,2020-05-22 05:30:00
0,48.0,67.4,2020-05-22 05:35:00
0,48.0,67.4,2020-05-22 05:40:00
0,48.0,67.4,2020-05-22 05:45:00
0,48.0,67.4,2020-05-22 05:50:00
0,48.0,67.4,2020-05-22 05:55:00
0,48.0,67.4,2020-05-22 06:00:00
0,48.0,67.22,2020-05-22 06:05:00
0,48.0,67.4,2020-05-22 06:10:00
0,48.0,67.4,2020-05-22 06:15:00
0,48.0,67.4,2020-05-22 06:20:00
0,49.0,67.22,2020-05-22 06:25:00
0,50.0,67.4,2020-05-22 06:30:00
0,50.0,67.22,2020-05-22 06:35:00
0,50.0,67.4,2020-05-22 06:40:00
0,51.0,67.4,2020-05-22 06:45:00
0,50.0,67.22,2020-05-22 06:50:00
0,51.0,67.22,2020-05-22 06:55:00
0,50.0,67.22,2020-05-22 07:00:00
0,51.0,67.22,2020-05-22 07:05:00
0,50.0,67.75999999999999,2020-05-22 07:10:00
0,50.0,67.94,2020-05-22 07:15:00
0,50.0,67.94,2020-05-22 07:20:00
0,50.0,67.94,2020-05-22 07:25:00
0,50.0,68.12,2020-05-22 07:30:00
0,50.0,68.30000000000001,2020-05-22 07:35:00
0,51.0,68.12,2020-05-22 07:40:00
0,51.0,68.12,2020-05-22 07:45:00
0,51.0,68.12,2020-05-22 07:50:00
0,51.0,68.30000000000001,2020-05-22 07:55:00
0,52.0,68.48,2020-05-22 08:00:00
0,54.0,68.66,2020-05-22 08:05:00
0,53.0,68.66,2020-05-22 08:10:00
0,54.0,68.66,2020-05-22 08:15:00
0,53.0,68.48,2020-05-22 08:20:00
0,53.0,68.66,2020-05-22 08:25:00
0,53.0,68.84,2020-05-22 08:30:00
0,53.0,68.66,2020-05-22 08:35:00
0,52.0,68.66,2020-05-22 08:40:00
0,52.0,68.66,2020-05-22 08:45:00
0,52.0,68.84,2020-05-22 08:50:00
0,52.0,69.02,2020-05-22 08:55:00
0,53.0,69.02,2020-05-22 09:00:00
0,52.0,68.84,2020-05-22 09:05:00
0,52.0,69.02,2020-05-22 09:10:00
0,53.0,69.2,2020-05-22 09:15:00
0,52.0,69.38,2020-05-22 09:20:00
0,53.0,69.38,2020-05-22 09:25:00
0,52.0,69.56,2020-05-22 09:30:00
0,52.0,69.56,2020-05-22 09:35:00
0,52.0,69.74000000000001,2020-05-22 09:40:00
0,52.0,69.74000000000001,2020-05-22 09:45:00
0,52.0,69.92,2020-05-22 09:50:00
0,53.0,69.92,2020-05-22 09:55:00
0,52.0,70.1,2020-05-22 10:00:00
0,53.0,70.1,2020-05-22 10:05:00
0,53.0,70.1,2020-05-22 10:10:00
0,53.0,70.1,2020-05-22 10:15:00
0,53.0,70.28,2020-05-22 10:20:00
0,53.0,70.28,2020-05-22 10:25:00
0,53.0,70.46000000000001,2020-05-22 10:30:00
0,53.0,70.64,2020-05-22 10:35:00
0,53.0,70.64,2020-05-22 10:40:00
0,53.0,70.64,2020-05-22 10:45:00
0,53.0,70.82,2020-05-22 10:50:00
0,52.0,70.64,2020-05-22 10:55:00
0,52.0,70.82,2020-05-22 11:00:00
0,52.0,70.82,2020-05-22 11:05:00
0,52.0,70.82,2020-05-22 11:10:00
0,52.0,71.0,2020-05-22 11:15:00
0,52.0,71.0,2020-05-22 11:20:00
0,52.0,71.0,2020-05-22 11:25:00
0,52.0,71.18,2020-05-22 11:30:00
0,52.0,71.0,2020-05-22 11:35:00
0,52.0,71.36,2020-05-22 11:40:00
0,53.0,71.36,2020-05-22 11:45:00
0,52.0,71.36,2020-05-22 11:50:00
0,53.0,71.53999999999999,2020-05-22 11:55:00
0,53.0,71.36,2020-05-22 12:00:00
0,53.0,71.36,2020-05-22 12:05:00
0,53.0,71.53999999999999,2020-05-22 12:10:00
0,53.0,71.53999999999999,2020-05-22 12:15:00
0,53.0,71.53999999999999,2020-05-22 12:20:00
0,53.0,71.72,2020-05-22 12:25:00
0,53.0,71.9,2020-05-22 12:30:00
0,53.0,71.9,2020-05-22 12:35:00
0,52.0,72.08000000000001,2020-05-22 12:40:00
0,53.0,72.08000000000001,2020-05-22 12:45:00
0,52.0,72.08000000000001,2020-05-22 12:50:00
0,53.0,72.08000000000001,2020-05-22 12:55:00
0,52.0,72.08000000000001,2020-05-22 13:00:00
0,52.0,72.08000000000001,2020-05-22 13:05:00
0,53.0,72.08000000000001,2020-05-22 13:10:00
0,52.0,72.25999999999999,2020-05-22 13:15:00
0,52.0,72.25999999999999,2020-05-22 13:20:00
0,53.0,72.44,2020-05-22 13:25:00
0,53.0,72.44,2020-05-22 13:30:00
0,53.0,72.44,2020-05-22 13:35:00
0,52.0,72.62,2020-05-22 13:40:00
0,52.0,72.62,2020-05-22 13:45:00
0,52.0,72.62,2020-05-22 13:50:00
0,52.0,72.62,2020-05-22 13:55:00
0,52.0,72.80000000000001,2020-05-22 14:00:00
0,52.0,72.62,2020-05-22 14:05:00
0,51.0,72.80000000000001,2020-05-22 14:10:00
0,52.0,72.80000000000001,2020-05-22 14:15:00
0,52.0,72.98,2020-05-22 14:20:00
0,52.0,72.80000000000001,2020-05-22 14:25:00
0,51.0,72.98,2020-05-22 14:30:00
0,51.0,72.98,2020-05-22 14:35:00
0,51.0,72.98,2020-05-22 14:40:00
0,51.0,73.16,2020-05-22 14:45:00
0,51.0,72.98,2020-05-22 14:50:00
0,51.0,72.98,2020-05-22 14:55:00
0,51.0,72.98,2020-05-22 15:00:00
0,51.0,73.16,2020-05-22 15:05:00
0,50.0,72.98,2020-05-22 15:10:00
0,50.0,73.16,2020-05-22 15:15:00
0,50.0,73.16,2020-05-22 15:20:00
0,50.0,73.16,2020-05-22 15:25:00
0,50.0,73.16,2020-05-22 15:30:00
0,50.0,73.16,2020-05-22 15:35:00
0,50.0,73.34,2020-05-22 15:40:00
0,50.0,73.34,2020-05-22 15:45:00
0,50.0,73.16,2020-05-22 15:50:00
0,50.0,73.52,2020-05-22 15:55:00
0,50.0,73.34,2020-05-22 16:00:00
0,50.0,73.16,2020-05-22 16:05:00
0,50.0,73.34,2020-05-22 16:10:00
0,50.0,73.52,2020-05-22 16:15:00
0,50.0,73.52,2020-05-22 16:20:00
0,50.0,73.34,2020-05-22 16:25:00
0,51.0,73.52,2020-05-22 16:30:00
0,50.0,73.52,2020-05-22 16:35:00
0,50.0,73.52,2020-05-22 16:40:00
0,50.0,73.52,2020-05-22 16:45:00
0,50.0,73.52,2020-05-22 16:50:00
0,51.0,73.7,2020-05-22 16:55:00
0,51.0,73.7,2020-05-22 17:00:00
0,51.0,73.52,2020-05-22 17:05:00
0,52.0,73.7,2020-05-22 17:10:00
0,52.0,73.7,2020-05-22 17:15:00
0,53.0,73.7,2020-05-22 17:20:00
0,52.0,73.88,2020-05-22 17:25:00
0,52.0,73.7,2020-05-22 17:30:00
0,52.0,73.7,2020-05-22 17:35:00
0,52.0,73.7,2020-05-22 17:40:00
0,52.0,73.7,2020-05-22 17:45:00
0,52.0,73.7,2020-05-22 17:50:00
0,52.0,73.88,2020-05-22 17:55:00
0,52.0,73.88,2020-05-22 18:00:00
0,51.0,73.88,2020-05-22 18:05:00
0,51.0,73.88,2020-05-22 18:10:00
0,51.0,73.88,2020-05-22 18:15:00
0,51.0,73.88,2020-05-22 18:20:00
0,51.0,73.88,2020-05-22 18:25:00
0,52.0,74.06,2020-05-22 18:30:00
0,51.0,73.88,2020-05-22 18:35:00
0,52.0,73.88,2020-05-22 18:40:00
0,52.0,73.7,2020-05-22 18:45:00
0,52.0,73.88,2020-05-22 18:50:00
0,51.0,74.06,2020-05-22 18:55:00
0,52.0,73.88,2020-05-22 19:00:00
0,51.0,74.06,2020-05-22 19:05:00
0,51.0,74.06,2020-05-22 19:10:00
0,51.0,74.06,2020-05-22 19:15:00
0,52.0,74.06,2020-05-22 19:20:00
0,51.0,74.24000000000001,2020-05-22 19:25:00
0,51.0,74.24000000000001,2020-05-22 19:30:00
0,52.0,74.24000000000001,2020-05-22 19:35:00
0,52.0,74.06,2020-05-22 19:40:00
0,52.0,74.24000000000001,2020-05-22 19:40:00
0,52.0,74.06,2020-05-22 19:45:00
0,52.0,74.06,2020-05-22 19:50:00
0,51.0,74.06,2020-05-22 19:55:00
0,51.0,74.06,2020-05-22 20:00:00
0,52.0,74.06,2020-05-22 20:05:00
0,52.0,74.06,2020-05-22 20:20:00
0,51.0,74.06,2020-05-22 20:40:00
0,51.0,73.88,2020-05-22 21:00:00
0,51.0,73.88,2020-05-22 21:20:00
0,51.0,73.7,2020-05-22 21:40:00
0,52.0,73.34,2020-05-22 22:00:00
0,50.0,73.52,2020-05-22 22:20:00
0,50.0,73.34,2020-05-22 22:40:00
0,51.0,73.16,2020-05-22 23:00:00
0,49.0,72.98,2020-05-22 23:20:00
0,50.0,72.62,2020-05-22 23:40:00
0,50.0,72.08000000000001,2020-05-23 00:00:00
0,51.0,71.72,2020-05-23 00:20:00
0,51.0,71.53999999999999,2020-05-23 00:40:00
0,52.0,71.36,2020-05-23 01:00:00
0,51.0,71.18,2020-05-23 01:20:00
0,51.0,71.0,2020-05-23 01:40:00
0,51.0,70.82,2020-05-23 02:00:00
0,52.0,70.64,2020-05-23 02:20:00
0,52.0,70.46000000000001,2020-05-23 02:40:00
0,51.0,70.28,2020-05-23 03:00:00
0,50.0,70.1,2020-05-23 03:20:00
0,51.0,69.92,2020-05-23 03:40:00
0,52.0,69.56,2020-05-23 04:00:00
0,51.0,69.56,2020-05-23 04:20:00
0,52.0,69.38,2020-05-23 04:40:00
0,51.0,69.2,2020-05-23 05:00:00
0,51.0,69.02,2020-05-23 05:20:00
0,51.0,69.02,2020-05-23 05:40:00
0,51.0,68.66,2020-05-23 06:00:00
0,51.0,68.66,2020-05-23 06:20:00
0,52.0,68.66,2020-05-23 06:40:00
0,52.0,68.84,2020-05-23 07:00:00
0,52.0,68.84,2020-05-23 07:20:00
0,52.0,69.2,2020-05-23 07:40:00
0,53.0,69.2,2020-05-23 08:00:00
0,56.0,69.56,2020-05-23 08:20:00
0,55.0,69.92,2020-05-23 08:40:00
0,55.0,70.1,2020-05-23 09:00:00
0,56.0,70.46000000000001,2020-05-23 09:20:00
0,55.0,70.46000000000001,2020-05-23 09:40:00
0,54.0,70.46000000000001,2020-05-23 10:00:00
0,54.0,70.82,2020-05-23 10:20:00
0,54.0,71.36,2020-05-23 10:40:00
0,54.0,71.36,2020-05-23 11:00:00
0,53.0,71.36,2020-05-23 11:20:00
0,53.0,71.53999999999999,2020-05-23 11:40:00
0,53.0,71.72,2020-05-23 12:00:00
0,53.0,71.72,2020-05-23 12:20:00
0,53.0,71.9,2020-05-23 12:40:00
0,53.0,72.08000000000001,2020-05-23 13:00:00
0,53.0,72.08000000000001,2020-05-23 13:20:00
0,53.0,72.08000000000001,2020-05-23 13:40:00
0,53.0,72.08000000000001,2020-05-23 14:00:00
0,53.0,72.25999999999999,2020-05-23 14:20:00
0,53.0,72.25999999999999,2020-05-23 14:40:00
0,53.0,72.25999999999999,2020-05-23 15:00:00
0,53.0,72.25999999999999,2020-05-23 15:20:00
0,52.0,72.44,2020-05-23 15:40:00
0,52.0,72.25999999999999,2020-05-23 16:00:00
0,53.0,72.44,2020-05-23 16:20:00
0,52.0,72.44,2020-05-23 16:40:00
0,53.0,72.44,2020-05-23 17:00:00
0,52.0,72.44,2020-05-23 17:20:00
0,52.0,72.62,2020-05-23 17:40:00
0,52.0,72.44,2020-05-23 18:00:00
0,52.0,72.44,2020-05-23 18:20:00
0,52.0,72.25999999999999,2020-05-23 18:40:00
0,52.0,72.44,2020-05-23 19:00:00
0,52.0,72.44,2020-05-23 19:20:00
0,52.0,72.44,2020-05-23 19:40:00
0,52.0,72.62,2020-05-23 20:00:00
0,53.0,72.44,2020-05-23 20:20:00
0,52.0,72.25999999999999,2020-05-23 20:40:00
0,52.0,72.08000000000001,2020-05-23 21:00:00
0,52.0,71.9,2020-05-23 21:20:00
0,51.0,71.72,2020-05-23 21:40:00
0,52.0,71.36,2020-05-23 22:00:00
0,51.0,71.36,2020-05-23 22:20:00
0,51.0,71.18,2020-05-23 22:40:00
0,51.0,71.18,2020-05-23 23:00:00
0,51.0,71.0,2020-05-23 23:20:00
0,51.0,70.82,2020-05-23 23:40:00
0,51.0,70.82,2020-05-24 00:00:00
0,51.0,70.64,2020-05-24 00:20:00
0,51.0,70.64,2020-05-24 00:40:00
0,51.0,70.46000000000001,2020-05-24 01:00:00
0,52.0,70.46000000000001,2020-05-24 01:20:00
0,52.0,70.46000000000001,2020-05-24 01:40:00
0,52.0,70.28,2020-05-24 02:00:00
0,52.0,70.28,2020-05-24 02:20:00
0,52.0,70.28,2020-05-24 02:40:00
0,52.0,69.92,2020-05-24 03:00:00
0,52.0,69.92,2020-05-24 03:20:00
0,52.0,69.74000000000001,2020-05-24 03:40:00
0,52.0,69.56,2020-05-24 04:00:00
0,52.0,69.38,2020-05-24 04:20:00
0,53.0,69.2,2020-05-24 04:40:00
0,52.0,69.2,2020-05-24 05:00:00
0,53.0,69.02,2020-05-24 05:20:00
0,52.0,68.84,2020-05-24 05:40:00
0,53.0,68.84,2020-05-24 06:00:00
0,53.0,68.66,2020-05-24 06:20:00
0,53.0,68.84,2020-05-24 06:40:00
0,53.0,68.84,2020-05-24 07:00:00
0,56.0,69.38,2020-05-24 07:20:00
0,58.0,69.74000000000001,2020-05-24 07:40:00
0,58.0,69.92,2020-05-24 08:00:00
0,58.0,69.92,2020-05-24 08:20:00
0,57.0,70.1,2020-05-24 08:40:00
0,58.0,70.28,2020-05-24 09:00:00
0,57.0,70.46000000000001,2020-05-24 09:20:00
0,57.0,70.64,2020-05-24 09:40:00
0,57.0,70.82,2020-05-24 10:00:00
0,57.0,71.0,2020-05-24 10:20:00
0,56.0,71.0,2020-05-24 10:40:00
0,56.0,71.18,2020-05-24 11:00:00
0,56.0,71.36,2020-05-24 11:20:00
0,56.0,71.53999999999999,2020-05-24 11:40:00
0,57.0,71.9,2020-05-24 12:00:00
0,57.0,71.9,2020-05-24 12:20:00
0,56.0,72.08000000000001,2020-05-24 12:40:00
0,56.0,72.08000000000001,2020-05-24 13:00:00
0,56.0,72.44,2020-05-24 13:20:00
0,56.0,72.44,2020-05-24 13:40:00
0,56.0,72.25999999999999,2020-05-24 14:00:00
0,56.0,72.62,2020-05-24 14:20:00
0,56.0,72.80000000000001,2020-05-24 14:40:00
0,56.0,72.98,2020-05-24 15:00:00
0,56.0,72.80000000000001,2020-05-24 15:20:00
0,55.0,72.98,2020-05-24 15:40:00
0,55.0,73.16,2020-05-24 16:00:00
0,55.0,73.34,2020-05-24 16:20:00
0,55.0,73.34,2020-05-24 16:40:00
0,55.0,73.34,2020-05-24 17:00:00
0,55.0,73.52,2020-05-24 17:20:00
0,55.0,73.52,2020-05-24 17:40:00
0,55.0,73.7,2020-05-24 18:00:00
0,54.0,73.88,2020-05-24 18:20:00
0,55.0,73.88,2020-05-24 18:40:00
0,55.0,74.06,2020-05-24 19:00:00
0,55.0,74.06,2020-05-24 19:20:00
0,55.0,74.24000000000001,2020-05-24 19:40:00
0,55.0,74.24000000000001,2020-05-24 20:00:00
0,55.0,74.06,2020-05-24 20:20:00
0,55.0,73.88,2020-05-24 20:40:00
0,55.0,73.88,2020-05-24 21:00:00
0,55.0,73.7,2020-05-24 21:20:00
0,55.0,73.34,2020-05-24 21:40:00
0,54.0,73.34,2020-05-24 22:00:00
0,55.0,73.16,2020-05-24 22:20:00
0,54.0,73.16,2020-05-24 22:40:00
0,55.0,72.80000000000001,2020-05-24 23:00:00
0,55.0,72.62,2020-05-24 23:20:00
0,55.0,72.62,2020-05-24 23:40:00
0,55.0,72.25999999999999,2020-05-25 00:00:00
0,55.0,72.25999999999999,2020-05-25 00:20:00
0,55.0,72.25999999999999,2020-05-25 00:40:00
0,55.0,72.08000000000001,2020-05-25 01:00:00
0,55.0,72.08000000000001,2020-05-25 01:20:00
0,55.0,71.72,2020-05-25 01:40:00
0,55.0,71.72,2020-05-25 02:00:00
0,55.0,71.53999999999999,2020-05-25 02:20:00
0,54.0,71.53999999999999,2020-05-25 02:40:00
0,55.0,71.36,2020-05-25 03:00:00
0,55.0,71.36,2020-05-25 03:20:00
0,55.0,71.18,2020-05-25 03:40:00
0,55.0,71.0,2020-05-25 04:00:00
0,56.0,71.0,2020-05-25 04:20:00
0,56.0,71.0,2020-05-25 04:40:00
0,56.0,70.82,2020-05-25 05:00:00
0,56.0,70.82,2020-05-25 05:20:00
0,56.0,70.82,2020-05-25 05:40:00
0,56.0,70.64,2020-05-25 06:00:00
0,56.0,70.64,2020-05-25 06:20:00
0,56.0,70.64,2020-05-25 06:40:00
0,58.0,70.82,2020-05-25 07:00:00
0,59.0,70.82,2020-05-25 07:20:00
0,60.0,70.82,2020-05-25 07:40:00
0,59.0,71.0,2020-05-25 08:00:00
0,60.0,70.82,2020-05-25 08:20:00
0,59.0,70.82,2020-05-25 08:40:00
0,55.0,71.53999999999999,2020-05-25 09:00:00
0,52.0,72.25999999999999,2020-05-25 09:20:00
0,53.0,72.25999999999999,2020-05-25 09:40:00
0,53.0,72.44,2020-05-25 10:00:00
0,53.0,72.80000000000001,2020-05-25 10:20:00
0,52.0,73.16,2020-05-25 10:40:00
0,53.0,73.16,2020-05-25 11:00:00
0,54.0,73.34,2020-05-25 11:20:00
0,53.0,74.06,2020-05-25 11:40:00
0,52.0,74.42,2020-05-25 12:00:00
0,51.0,74.78,2020-05-25 12:20:00
0,53.0,74.6,2020-05-25 12:40:00
0,53.0,75.14,2020-05-25 13:00:00
0,53.0,75.32,2020-05-25 13:20:00
0,53.0,75.68,2020-05-25 13:40:00
0,55.0,76.03999999999999,2020-05-25 14:00:00
0,55.0,76.22,2020-05-25 14:20:00
0,54.0,76.58000000000001,2020-05-25 14:40:00
0,54.0,76.4,2020-05-25 15:00:00
0,55.0,76.4,2020-05-25 15:20:00
0,56.0,76.58000000000001,2020-05-25 15:40:00
0,54.0,76.58000000000001,2020-05-25 16:00:00
0,53.0,76.94,2020-05-25 16:20:00
0,52.0,76.94,2020-05-25 16:40:00
0,54.0,76.94,2020-05-25 17:00:00
0,59.0,76.58000000000001,2020-05-25 17:20:00
0,61.0,76.03999999999999,2020-05-25 17:40:00
0,60.0,75.86,2020-05-25 18:00:00
0,59.0,76.4,2020-05-25 18:20:00
0,56.0,76.22,2020-05-25 18:40:00
0,54.0,76.22,2020-05-25 19:00:00
0,54.0,76.4,2020-05-25 19:20:00
0,55.0,76.22,2020-05-25 19:40:00
0,53.0,76.22,2020-05-25 20:00:00
0,54.0,76.03999999999999,2020-05-25 20:20:00
0,53.0,76.03999999999999,2020-05-25 20:40:00
0,54.0,75.86,2020-05-25 21:00:00
0,54.0,75.86,2020-05-25 21:20:00
0,54.0,75.86,2020-05-25 21:40:00
0,54.0,75.68,2020-05-25 22:00:00
0,54.0,75.5,2020-05-25 22:20:00
0,54.0,75.32,2020-05-25 22:40:00
0,55.0,75.14,2020-05-25 23:00:00
0,54.0,74.96000000000001,2020-05-25 23:20:00
0,54.0,74.78,2020-05-25 23:40:00
0,54.0,74.78,2020-05-26 00:00:00
0,55.0,74.6,2020-05-26 00:20:00
0,54.0,74.42,2020-05-26 00:40:00
0,54.0,74.42,2020-05-26 01:00:00
0,54.0,74.06,2020-05-26 01:20:00
0,55.0,74.06,2020-05-26 01:40:00
0,55.0,73.88,2020-05-26 02:00:00
0,54.0,73.7,2020-05-26 02:20:00
0,54.0,73.7,2020-05-26 02:40:00
0,54.0,73.52,2020-05-26 03:00:00
0,54.0,73.52,2020-05-26 03:20:00
0,54.0,73.52,2020-05-26 03:40:00
0,54.0,73.34,2020-05-26 04:00:00
0,54.0,73.16,2020-05-26 04:20:00
0,54.0,73.16,2020-05-26 04:40:00
0,54.0,72.98,2020-05-26 05:00:00
0,54.0,72.98,2020-05-26 05:20:00
0,54.0,72.80000000000001,2020-05-26 05:40:00
0,54.0,72.80000000000001,2020-05-26 06:00:00
0,55.0,72.62,2020-05-26 06:20:00
0,54.0,72.62,2020-05-26 06:40:00
0,56.0,72.62,2020-05-26 07:00:00
0,57.0,72.98,2020-05-26 07:20:00
0,55.0,72.80000000000001,2020-05-26 07:40:00
0,55.0,72.98,2020-05-26 08:00:00
0,55.0,72.98,2020-05-26 08:20:00
0,54.0,73.34,2020-05-26 08:40:00
0,55.0,73.52,2020-05-26 09:00:00
0,55.0,73.52,2020-05-26 09:20:00
0,55.0,74.06,2020-05-26 09:40:00
0,55.0,74.06,2020-05-26 10:00:00
0,55.0,74.24000000000001,2020-05-26 10:20:00
0,55.0,74.06,2020-05-26 10:40:00
0,55.0,74.24000000000001,2020-05-26 11:00:00
0,54.0,74.6,2020-05-26 11:20:00
0,56.0,74.6,2020-05-26 11:40:00
0,57.0,74.96000000000001,2020-05-26 12:00:00
0,56.0,75.14,2020-05-26 12:20:00
0,55.0,75.14,2020-05-26 12:40:00
0,55.0,75.32,2020-05-26 13:00:00
0,54.0,75.68,2020-05-26 13:20:00
0,53.0,75.86,2020-05-26 13:40:00
0,53.0,75.68,2020-05-26 14:00:00
0,54.0,75.5,2020-05-26 14:20:00
0,54.0,75.86,2020-05-26 14:40:00
0,54.0,75.86,2020-05-26 15:00:00
0,55.0,76.03999999999999,2020-05-26 15:20:00
0,55.0,76.22,2020-05-26 15:40:00
0,56.0,76.22,2020-05-26 16:00:00
0,57.0,76.75999999999999,2020-05-26 16:20:00
0,57.0,76.75999999999999,2020-05-26 16:40:00
0,57.0,77.12,2020-05-26 17:00:00
0,57.0,77.12,2020-05-26 17:20:00
0,56.0,77.30000000000001,2020-05-26 17:40:00
0,56.0,77.30000000000001,2020-05-26 18:00:00
0,55.0,77.30000000000001,2020-05-26 18:20:00
0,55.0,77.12,2020-05-26 18:40:00
0,54.0,77.48,2020-05-26 19:00:00
0,53.0,77.30000000000001,2020-05-26 19:20:00
0,52.0,77.48,2020-05-26 19:40:00
0,52.0,77.30000000000001,2020-05-26 20:00:00
0,52.0,77.30000000000001,2020-05-26 20:20:00
0,52.0,77.12,2020-05-26 20:40:00
0,52.0,76.94,2020-05-26 21:00:00
0,52.0,76.75999999999999,2020-05-26 21:20:00
0,52.0,76.75999999999999,2020-05-26 21:40:00
0,51.0,76.58000000000001,2020-05-26 22:00:00
0,51.0,76.58000000000001,2020-05-26 22:20:00
0,51.0,76.4,2020-05-26 22:40:00
0,51.0,76.4,2020-05-26 23:00:00
0,51.0,76.22,2020-05-26 23:20:00
0,52.0,76.03999999999999,2020-05-26 23:40:00
0,51.0,76.03999999999999,2020-05-27 00:00:00
0,51.0,76.03999999999999,2020-05-27 00:20:00
0,51.0,75.86,2020-05-27 00:40:00
0,51.0,75.86,2020-05-27 01:00:00
0,52.0,75.68,2020-05-27 01:20:00
0,52.0,75.5,2020-05-27 01:40:00
0,53.0,75.32,2020-05-27 02:00:00
0,53.0,75.14,2020-05-27 02:20:00
0,54.0,75.14,2020-05-27 02:40:00
0,54.0,74.96000000000001,2020-05-27 03:00:00
0,54.0,74.78,2020-05-27 03:20:00
0,54.0,74.6,2020-05-27 03:40:00
0,54.0,74.42,2020-05-27 04:00:00
0,54.0,74.42,2020-05-27 04:20:00
0,55.0,74.06,2020-05-27 04:40:00
0,55.0,74.24000000000001,2020-05-27 05:00:00
0,55.0,74.06,2020-05-27 05:20:00
0,55.0,74.06,2020-05-27 05:40:00
0,55.0,74.06,2020-05-27 06:00:00
0,55.0,74.06,2020-05-27 06:20:00
0,54.0,73.88,2020-05-27 06:40:00
0,55.0,74.06,2020-05-27 07:00:00
0,53.0,74.06,2020-05-27 07:20:00
0,52.0,74.24000000000001,2020-05-27 07:40:00
0,51.0,74.24000000000001,2020-05-27 08:00:00
0,50.0,74.24000000000001,2020-05-27 08:20:00
0,51.0,74.42,2020-05-27 08:40:00
0,51.0,74.78,2020-05-27 09:00:00
0,52.0,74.6,2020-05-27 09:20:00
0,53.0,74.6,2020-05-27 09:40:00
0,53.0,74.6,2020-05-27 10:00:00
0,53.0,74.78,2020-05-27 10:20:00
0,53.0,74.96000000000001,2020-05-27 10:40:00
0,53.0,75.32,2020-05-27 11:00:00
0,54.0,75.68,2020-05-27 11:20:00
0,54.0,75.68,2020-05-27 11:40:00
0,55.0,75.68,2020-05-27 12:00:00
0,54.0,75.86,2020-05-27 12:20:00
0,55.0,75.68,2020-05-27 12:40:00
0,55.0,75.68,2020-05-27 13:00:00
0,55.0,75.68,2020-05-27 13:20:00
0,55.0,75.5,2020-05-27 13:40:00
0,55.0,75.5,2020-05-27 14:00:00
0,53.0,75.32,2020-05-27 14:20:00
0,52.0,75.5,2020-05-27 14:40:00
0,51.0,75.5,2020-05-27 15:00:00
0,50.0,75.5,2020-05-27 15:20:00
0,51.0,75.5,2020-05-27 15:40:00
0,51.0,75.5,2020-05-27 16:00:00
0,53.0,75.68,2020-05-27 16:20:00
0,53.0,75.68,2020-05-27 16:40:00
0,54.0,75.68,2020-05-27 17:00:00
0,54.0,75.68,2020-05-27 17:20:00
0,53.0,75.68,2020-05-27 17:40:00
0,52.0,75.68,2020-05-27 18:00:00
0,53.0,75.5,2020-05-27 18:20:00
0,51.0,75.68,2020-05-27 18:40:00
0,51.0,75.68,2020-05-27 19:00:00
0,51.0,75.86,2020-05-27 19:20:00
0,52.0,75.68,2020-05-27 19:40:00
0,51.0,75.68,2020-05-27 20:00:00
0,50.0,75.68,2020-05-27 20:20:00
0,50.0,75.68,2020-05-27 20:40:00
0,49.0,75.5,2020-05-27 21:00:00
0,49.0,75.5,2020-05-27 21:20:00
0,48.0,75.5,2020-05-27 21:40:00
0,48.0,75.32,2020-05-27 22:00:00
0,48.0,75.32,2020-05-27 22:20:00
0,48.0,74.96000000000001,2020-05-27 22:40:00
0,49.0,75.14,2020-05-27 23:00:00
0,48.0,75.14,2020-05-27 23:20:00
0,48.0,75.14,2020-05-27 23:40:00
0,49.0,74.78,2020-05-28 00:00:00
0,48.0,74.96000000000001,2020-05-28 00:20:00
0,48.0,74.6,2020-05-28 00:40:00
0,48.0,74.6,2020-05-28 01:00:00
0,48.0,74.6,2020-05-28 01:20:00
0,48.0,74.42,2020-05-28 01:40:00
0,48.0,74.42,2020-05-28 02:00:00
0,48.0,74.06,2020-05-28 02:20:00
0,48.0,74.24000000000001,2020-05-28 02:40:00
0,49.0,73.88,2020-05-28 03:00:00
0,48.0,74.06,2020-05-28 03:20:00
0,48.0,73.7,2020-05-28 03:40:00
0,49.0,73.7,2020-05-28 04:00:00
0,49.0,73.52,2020-05-28 04:20:00
0,48.0,73.7,2020-05-28 04:40:00
0,49.0,73.34,2020-05-28 05:00:00
0,48.0,73.34,2020-05-28 05:20:00
0,49.0,73.16,2020-05-28 05:40:00
0,48.0,73.16,2020-05-28 06:00:00
0,49.0,72.98,2020-05-28 06:20:00
0,49.0,73.16,2020-05-28 06:40:00
0,49.0,73.16,2020-05-28 07:00:00
0,49.0,73.16,2020-05-28 07:20:00
0,51.0,72.98,2020-05-28 07:40:00
0,50.0,72.98,2020-05-28 08:00:00
0,50.0,73.16,2020-05-28 08:20:00
0,50.0,73.16,2020-05-28 08:40:00
0,50.0,73.34,2020-05-28 09:00:00
0,50.0,73.16,2020-05-28 09:20:00
0,49.0,73.52,2020-05-28 09:40:00
0,49.0,73.34,2020-05-28 10:00:00
0,50.0,73.52,2020-05-28 10:20:00
0,49.0,73.52,2020-05-28 10:40:00
0,50.0,73.7,2020-05-28 11:00:00
0,49.0,73.52,2020-05-28 11:20:00
0,49.0,73.52,2020-05-28 11:40:00
0,48.0,73.7,2020-05-28 12:00:00
0,49.0,73.7,2020-05-28 12:20:00
0,49.0,73.52,2020-05-28 12:40:00
0,50.0,73.34,2020-05-28 13:00:00
0,49.0,73.34,2020-05-28 13:20:00
0,49.0,73.16,2020-05-28 13:40:00
0,49.0,73.34,2020-05-28 14:00:00
0,49.0,73.52,2020-05-28 14:20:00
0,49.0,73.52,2020-05-28 14:40:00
0,49.0,73.52,2020-05-28 15:00:00
0,49.0,73.52,2020-05-28 15:20:00
0,47.0,73.52,2020-05-28 15:40:00
0,50.0,73.34,2020-05-28 16:00:00
0,49.0,73.34,2020-05-28 16:20:00
0,49.0,73.52,2020-05-28 16:40:00
0,49.0,73.34,2020-05-28 17:00:00
0,50.0,73.16,2020-05-28 17:20:00
0,49.0,73.34,2020-05-28 17:40:00
0,50.0,73.52,2020-05-28 18:00:00
0,50.0,73.34,2020-05-28 18:20:00
0,49.0,73.7,2020-05-28 18:40:00
0,49.0,73.7,2020-05-28 19:00:00
0,49.0,73.7,2020-05-28 19:20:00
0,48.0,73.7,2020-05-28 19:40:00
0,48.0,73.88,2020-05-28 20:00:00
0,49.0,73.7,2020-05-28 20:20:00
0,49.0,73.52,2020-05-28 20:40:00
0,48.0,73.52,2020-05-28 21:00:00
0,49.0,73.34,2020-05-28 21:20:00
0,50.0,73.16,2020-05-28 21:40:00
0,49.0,73.16,2020-05-28 22:00:00
0,49.0,72.80000000000001,2020-05-28 22:20:00
0,49.0,72.62,2020-05-28 22:40:00
0,49.0,72.44,2020-05-28 23:00:00
0,48.0,72.25999999999999,2020-05-28 23:20:00
0,50.0,72.08000000000001,2020-05-28 23:40:00
0,49.0,71.9,2020-05-29 00:00:00
0,49.0,71.72,2020-05-29 00:20:00
0,50.0,71.72,2020-05-29 00:40:00
0,49.0,71.53999999999999,2020-05-29 01:00:00
0,50.0,71.18,2020-05-29 01:20:00
0,49.0,71.18,2020-05-29 01:40:00
0,48.0,71.0,2020-05-29 02:00:00
0,48.0,71.0,2020-05-29 02:20:00
0,49.0,70.64,2020-05-29 02:40:00
0,48.0,70.64,2020-05-29 03:00:00
0,49.0,70.46000000000001,2020-05-29 03:20:00
0,48.0,70.46000000000001,2020-05-29 03:40:00
0,49.0,70.1,2020-05-29 04:00:00
0,49.0,70.1,2020-05-29 04:20:00
0,49.0,69.74000000000001,2020-05-29 04:40:00
0,49.0,69.74000000000001,2020-05-29 05:00:00
0,48.0,69.74000000000001,2020-05-29 05:20:00
0,49.0,69.2,2020-05-29 05:40:00
0,48.0,69.02,2020-05-29 06:00:00
0,47.0,68.84,2020-05-29 06:20:00
0,48.0,68.48,2020-05-29 06:40:00
0,48.0,68.30000000000001,2020-05-29 07:00:00
0,48.0,68.30000000000001,2020-05-29 07:20:00
0,48.0,68.30000000000001,2020-05-29 07:40:00
0,49.0,68.12,2020-05-29 08:00:00
0,48.0,68.30000000000001,2020-05-29 08:20:00
0,48.0,68.48,2020-05-29 08:40:00
0,49.0,68.30000000000001,2020-05-29 09:00:00
0,48.0,68.48,2020-05-29 09:20:00
0,48.0,68.48,2020-05-29 09:40:00
0,49.0,68.66,2020-05-29 10:00:00
0,48.0,68.48,2020-05-29 10:20:00
0,48.0,68.66,2020-05-29 10:40:00
0,48.0,68.66,2020-05-29 11:00:00
0,49.0,68.48,2020-05-29 11:20:00
0,47.0,68.66,2020-05-29 11:40:00
0,48.0,68.48,2020-05-29 12:00:00
0,49.0,68.30000000000001,2020-05-29 12:20:00
0,49.0,68.12,2020-05-29 12:40:00
0,50.0,68.12,2020-05-29 13:00:00
0,50.0,68.12,2020-05-29 13:20:00
0,50.0,68.12,2020-05-29 13:40:00
0,50.0,68.12,2020-05-29 14:00:00
0,51.0,67.75999999999999,2020-05-29 14:20:00
0,50.0,67.75999999999999,2020-05-29 14:40:00
0,50.0,67.75999999999999,2020-05-29 15:00:00
0,50.0,67.75999999999999,2020-05-29 15:20:00
0,50.0,67.58000000000001,2020-05-29 15:40:00
0,51.0,67.75999999999999,2020-05-29 16:00:00
0,53.0,67.94,2020-05-29 16:20:00
0,52.0,67.75999999999999,2020-05-29 18:00:00
0,51.0,67.94,2020-05-29 18:20:00
0,51.0,67.94,2020-05-29 18:40:00
0,51.0,67.94,2020-05-29 19:00:00
0,51.0,68.12,2020-05-29 19:20:00
0,50.0,68.12,2020-05-29 19:40:00
0,50.0,68.12,2020-05-29 20:00:00
0,50.0,68.12,2020-05-29 20:20:00
0,50.0,68.12,2020-05-29 20:40:00
0,49.0,67.94,2020-05-29 21:00:00
0,50.0,67.94,2020-05-29 21:20:00
0,49.0,67.75999999999999,2020-05-29 21:40:00
0,49.0,67.58000000000001,2020-05-29 22:00:00
0,49.0,67.58000000000001,2020-05-29 22:20:00
0,50.0,67.22,2020-05-29 22:40:00
0,49.0,67.22,2020-05-29 23:00:00
0,49.0,67.03999999999999,2020-05-29 23:20:00
0,51.0,66.86,2020-05-29 23:40:00
0,49.0,66.68,2020-05-30 00:00:00
0,49.0,66.68,2020-05-30 00:20:00
0,49.0,66.68,2020-05-30 00:40:00
0,48.0,66.5,2020-05-30 01:00:00
0,48.0,66.32,2020-05-30 01:20:00
0,48.0,66.32,2020-05-30 01:40:00
0,49.0,66.14,2020-05-30 02:00:00
0,49.0,65.96000000000001,2020-05-30 02:20:00
0,49.0,65.96000000000001,2020-05-30 02:40:00
0,48.0,65.78,2020-05-30 03:00:00
0,50.0,65.6,2020-05-30 03:20:00
0,49.0,65.42,2020-05-30 03:40:00
0,49.0,65.42,2020-05-30 04:00:00
0,49.0,65.24000000000001,2020-05-30 04:20:00
0,49.0,65.06,2020-05-30 04:40:00
0,48.0,65.06,2020-05-30 05:00:00
0,49.0,64.88,2020-05-30 05:20:00
0,49.0,64.7,2020-05-30 05:40:00
0,49.0,64.7,2020-05-30 06:00:00
0,49.0,64.88,2020-05-30 06:20:00
0,49.0,64.88,2020-05-30 06:40:00
0,49.0,64.52,2020-05-30 07:00:00
0,49.0,64.52,2020-05-30 07:20:00
0,49.0,64.52,2020-05-30 07:40:00
0,48.0,64.52,2020-05-30 08:00:00
0,49.0,64.52,2020-05-30 08:20:00
0,49.0,64.7,2020-05-30 08:40:00
0,48.0,64.88,2020-05-30 09:00:00
0,48.0,64.7,2020-05-30 09:20:00
0,48.0,64.88,2020-05-30 09:40:00
0,48.0,64.7,2020-05-30 10:00:00
0,48.0,64.7,2020-05-30 10:20:00
0,48.0,64.52,2020-05-30 10:40:00
0,48.0,64.52,2020-05-30 11:00:00
0,49.0,64.52,2020-05-30 11:20:00
0,48.0,64.7,2020-05-30 11:40:00
0,48.0,64.7,2020-05-30 12:00:00
0,49.0,64.7,2020-05-30 12:20:00
0,48.0,64.88,2020-05-30 12:40:00
0,48.0,64.88,2020-05-30 13:00:00
0,49.0,64.88,2020-05-30 13:20:00
0,48.0,64.88,2020-05-30 13:40:00
0,48.0,64.88,2020-05-30 14:00:00
0,48.0,64.7,2020-05-30 14:20:00
0,48.0,64.88,2020-05-30 14:40:00
0,48.0,64.88,2020-05-30 15:00:00
0,50.0,65.06,2020-05-30 15:20:00
0,50.0,65.06,2020-05-30 15:40:00
0,50.0,65.24000000000001,2020-05-30 16:00:00
0,50.0,65.42,2020-05-30 16:20:00
0,50.0,65.6,2020-05-30 16:40:00
0,50.0,65.6,2020-05-30 17:00:00
0,51.0,65.78,2020-05-30 17:20:00
0,50.0,65.6,2020-05-30 17:40:00
0,50.0,65.6,2020-05-30 18:00:00
0,50.0,65.6,2020-05-30 18:20:00
0,50.0,65.6,2020-05-30 18:40:00
0,51.0,65.42,2020-05-30 19:00:00
0,51.0,65.42,2020-05-30 19:20:00
0,51.0,65.06,2020-05-30 19:40:00
0,51.0,65.06,2020-05-30 20:00:00
0,51.0,65.06,2020-05-30 20:20:00
0,51.0,64.88,2020-05-30 20:40:00
0,52.0,64.52,2020-05-30 21:00:00
0,52.0,64.52,2020-05-30 21:20:00
0,51.0,64.34,2020-05-30 21:40:00
0,51.0,63.980000000000004,2020-05-30 22:00:00
0,52.0,63.80000000000001,2020-05-30 22:20:00
0,51.0,63.620000000000005,2020-05-30 22:40:00
0,52.0,63.44,2020-05-30 23:00:00
0,52.0,63.08000000000001,2020-05-30 23:20:00
0,52.0,63.08000000000001,2020-05-30 23:40:00
0,51.0,62.900000000000006,2020-05-31 00:00:00
0,51.0,62.900000000000006,2020-05-31 00:20:00
0,52.0,62.53999999999999,2020-05-31 00:40:00
0,52.0,62.36,2020-05-31 01:00:00
0,53.0,62.36,2020-05-31 01:20:00
0,52.0,62.18000000000001,2020-05-31 01:40:00
0,52.0,62.18000000000001,2020-05-31 02:00:00
0,52.0,61.81999999999999,2020-05-31 02:20:00
0,52.0,61.64,2020-05-31 02:40:00
0,52.0,61.81999999999999,2020-05-31 03:00:00
0,51.0,61.64,2020-05-31 03:20:00
0,53.0,61.46000000000001,2020-05-31 03:40:00
0,52.0,61.28,2020-05-31 04:00:00
0,52.0,61.28,2020-05-31 04:20:00
0,51.0,61.099999999999994,2020-05-31 04:40:00
0,51.0,61.099999999999994,2020-05-31 05:00:00
0,52.0,60.92,2020-05-31 05:20:00
0,52.0,60.74000000000001,2020-05-31 05:40:00
0,52.0,60.74000000000001,2020-05-31 06:00:00
0,52.0,60.56,2020-05-31 06:20:00
0,52.0,60.56,2020-05-31 06:40:00
0,53.0,60.56,2020-05-31 07:00:00
0,52.0,60.92,2020-05-31 07:20:00
0,52.0,61.64,2020-05-31 07:40:00
0,52.0,62.900000000000006,2020-05-31 08:00:00
0,52.0,63.620000000000005,2020-05-31 08:20:00
0,53.0,64.34,2020-05-31 08:40:00
0,53.0,64.88,2020-05-31 09:00:00
0,53.0,65.06,2020-05-31 09:20:00
0,53.0,65.24000000000001,2020-05-31 09:40:00
0,52.0,65.6,2020-05-31 10:00:00
0,52.0,65.6,2020-05-31 10:20:00
0,52.0,65.78,2020-05-31 10:40:00
0,51.0,65.96000000000001,2020-05-31 11:00:00
0,52.0,65.96000000000001,2020-05-31 11:20:00
0,51.0,65.96000000000001,2020-05-31 11:40:00
0,51.0,66.14,2020-05-31 12:00:00
0,51.0,66.14,2020-05-31 12:20:00
0,54.0,66.32,2020-05-31 12:40:00
0,53.0,66.5,2020-05-31 13:00:00
0,53.0,66.5,2020-05-31 13:20:00
0,52.0,66.68,2020-05-31 13:40:00
0,51.0,66.86,2020-05-31 14:00:00
0,51.0,66.68,2020-05-31 14:20:00
0,51.0,66.5,2020-05-31 14:40:00
0,52.0,66.5,2020-05-31 15:00:00
0,51.0,67.03999999999999,2020-05-31 15:20:00
0,52.0,66.68,2020-05-31 15:40:00
0,52.0,66.86,2020-05-31 16:00:00
0,60.0,67.58000000000001,2020-05-31 16:20:00
0,58.0,68.12,2020-05-31 16:40:00
0,55.0,69.02,2020-05-31 17:00:00
0,54.0,69.02,2020-05-31 17:20:00
0,51.0,69.74000000000001,2020-05-31 17:40:00
0,49.0,69.92,2020-05-31 18:00:00
0,49.0,69.92,2020-05-31 18:20:00
0,48.0,70.28,2020-05-31 18:40:00
0,49.0,69.92,2020-05-31 19:00:00
0,48.0,70.28,2020-05-31 19:20:00
0,49.0,69.92,2020-05-31 19:40:00
0,48.0,70.1,2020-05-31 20:00:00
0,49.0,69.74000000000001,2020-05-31 20:20:00
0,49.0,69.56,2020-05-31 20:40:00
0,48.0,69.2,2020-05-31 21:00:00
0,47.0,69.02,2020-05-31 21:20:00
0,48.0,69.02,2020-05-31 21:40:00
0,48.0,68.48,2020-05-31 22:00:00
0,48.0,68.48,2020-05-31 22:20:00
0,48.0,68.12,2020-05-31 22:40:00
0,48.0,67.94,2020-05-31 23:00:00
0,48.0,67.94,2020-05-31 23:20:00
0,49.0,67.75999999999999,2020-05-31 23:40:00
0,48.0,67.58000000000001,2020-06-01 00:00:00
0,47.0,67.58000000000001,2020-06-01 00:20:00
0,47.0,67.4,2020-06-01 00:40:00
0,47.0,67.22,2020-06-01 01:00:00
0,48.0,67.03999999999999,2020-06-01 01:20:00
0,48.0,66.86,2020-06-01 01:40:00
0,48.0,66.86,2020-06-01 02:00:00
0,48.0,66.68,2020-06-01 02:20:00
0,47.0,66.68,2020-06-01 02:40:00
0,48.0,66.32,2020-06-01 03:00:00
0,47.0,66.5,2020-06-01 03:20:00
0,48.0,66.14,2020-06-01 03:40:00
0,47.0,66.14,2020-06-01 04:00:00
0,48.0,65.78,2020-06-01 04:20:00
0,48.0,65.96000000000001,2020-06-01 04:40:00
0,48.0,65.6,2020-06-01 05:00:00
0,48.0,65.42,2020-06-01 05:20:00
0,48.0,65.42,2020-06-01 05:40:00
0,49.0,65.24000000000001,2020-06-01 06:00:00
0,48.0,65.42,2020-06-01 06:20:00
0,49.0,65.42,2020-06-01 06:40:00
0,48.0,65.42,2020-06-01 07:00:00
0,48.0,65.6,2020-06-01 07:20:00
0,48.0,65.42,2020-06-01 07:40:00
0,47.0,65.78,2020-06-01 08:00:00
0,48.0,65.78,2020-06-01 08:20:00
0,48.0,66.14,2020-06-01 08:40:00
0,49.0,66.14,2020-06-01 09:00:00
0,48.0,66.5,2020-06-01 09:20:00
0,48.0,66.86,2020-06-01 09:40:00
0,48.0,66.86,2020-06-01 10:00:00
0,49.0,67.22,2020-06-01 10:20:00
0,50.0,67.22,2020-06-01 10:40:00
0,49.0,67.22,2020-06-01 11:00:00
0,49.0,67.58000000000001,2020-06-01 11:20:00
0,49.0,67.58000000000001,2020-06-01 11:40:00
0,49.0,67.94,2020-06-01 12:00:00
0,50.0,67.94,2020-06-01 12:20:00
0,49.0,68.30000000000001,2020-06-01 12:40:00
0,50.0,68.12,2020-06-01 13:00:00
0,49.0,68.30000000000001,2020-06-01 13:20:00
0,48.0,68.48,2020-06-01 13:40:00
0,49.0,68.66,2020-06-01 14:00:00
0,49.0,68.84,2020-06-01 14:20:00
0,48.0,68.84,2020-06-01 14:40:00
0,49.0,69.02,2020-06-01 15:00:00
0,48.0,69.38,2020-06-01 15:20:00
0,48.0,69.38,2020-06-01 15:40:00
0,48.0,69.38,2020-06-01 16:00:00
0,48.0,69.56,2020-06-01 16:20:00
0,48.0,69.56,2020-06-01 16:40:00
0,49.0,69.74000000000001,2020-06-01 17:00:00
0,48.0,70.28,2020-06-01 17:20:00
0,49.0,70.1,2020-06-01 17:40:00
0,48.0,70.64,2020-06-01 18:00:00
0,49.0,70.46000000000001,2020-06-01 18:20:00
0,49.0,70.46000000000001,2020-06-01 18:40:00
0,48.0,70.64,2020-06-01 19:00:00
0,48.0,70.64,2020-06-01 19:20:00
0,48.0,70.46000000000001,2020-06-01 19:40:00
0,48.0,70.28,2020-06-01 20:00:00
0,49.0,70.28,2020-06-01 20:20:00
0,48.0,69.92,2020-06-01 20:40:00
0,48.0,70.46000000000001,2020-06-01 21:00:00
0,49.0,69.92,2020-06-01 21:20:00
0,48.0,69.92,2020-06-01 21:40:00
0,48.0,70.1,2020-06-01 22:00:00
0,48.0,69.74000000000001,2020-06-01 22:20:00
0,47.0,69.74000000000001,2020-06-01 22:40:00
0,48.0,69.56,2020-06-01 23:00:00
0,48.0,69.56,2020-06-01 23:20:00
0,48.0,69.38,2020-06-01 23:40:00
0,48.0,69.2,2020-06-02 00:00:00
0,48.0,69.2,2020-06-02 00:20:00
0,48.0,69.02,2020-06-02 00:40:00
0,48.0,68.84,2020-06-02 01:00:00
0,48.0,68.66,2020-06-02 01:20:00
0,47.0,68.66,2020-06-02 01:40:00
0,47.0,68.48,2020-06-02 02:00:00
0,49.0,68.48,2020-06-02 02:20:00
0,48.0,68.30000000000001,2020-06-02 02:40:00
0,48.0,68.12,2020-06-02 03:00:00
0,49.0,68.12,2020-06-02 03:20:00
0,48.0,68.12,2020-06-02 03:40:00
0,48.0,68.12,2020-06-02 04:00:00
0,48.0,67.75999999999999,2020-06-02 04:20:00
0,48.0,67.94,2020-06-02 04:40:00
0,48.0,67.75999999999999,2020-06-02 05:00:00
0,48.0,67.75999999999999,2020-06-02 05:20:00
0,47.0,67.75999999999999,2020-06-02 05:40:00
0,47.0,67.75999999999999,2020-06-02 06:00:00
0,47.0,67.75999999999999,2020-06-02 06:20:00
0,48.0,67.75999999999999,2020-06-02 06:40:00
0,49.0,68.12,2020-06-02 07:00:00
0,47.0,68.84,2020-06-02 07:20:00
0,48.0,69.02,2020-06-02 07:40:00
0,48.0,69.2,2020-06-02 08:00:00
0,47.0,69.56,2020-06-02 08:20:00
0,48.0,69.38,2020-06-02 08:40:00
0,48.0,69.92,2020-06-02 09:00:00
0,47.0,70.28,2020-06-02 09:20:00
0,48.0,70.46000000000001,2020-06-02 09:40:00
0,48.0,70.46000000000001,2020-06-02 10:00:00
0,48.0,70.64,2020-06-02 10:20:00
0,48.0,70.82,2020-06-02 10:40:00
0,48.0,71.0,2020-06-02 11:00:00
0,48.0,71.18,2020-06-02 11:20:00
0,50.0,71.0,2020-06-02 11:40:00
0,49.0,71.18,2020-06-02 12:00:00
0,50.0,71.36,2020-06-02 12:20:00
0,51.0,71.53999999999999,2020-06-02 12:40:00
0,52.0,71.36,2020-06-02 13:00:00
0,52.0,71.36,2020-06-02 13:20:00
0,53.0,71.36,2020-06-02 13:40:00
0,53.0,71.36,2020-06-02 14:00:00
0,54.0,71.0,2020-06-02 14:20:00
0,54.0,71.18,2020-06-02 14:40:00
0,54.0,71.72,2020-06-02 15:00:00
0,54.0,71.72,2020-06-02 15:20:00
0,53.0,71.9,2020-06-02 15:40:00
0,53.0,71.53999999999999,2020-06-02 16:00:00
0,54.0,71.9,2020-06-02 16:20:00
0,55.0,72.44,2020-06-02 16:40:00
0,56.0,72.62,2020-06-02 17:00:00
0,56.0,72.80000000000001,2020-06-02 17:20:00
0,55.0,73.16,2020-06-02 17:40:00
0,54.0,73.16,2020-06-02 18:00:00
0,53.0,73.52,2020-06-02 18:20:00
0,53.0,73.7,2020-06-02 18:40:00
0,52.0,73.52,2020-06-02 19:00:00
0,52.0,74.06,2020-06-02 19:20:00
0,50.0,74.06,2020-06-02 19:40:00
0,49.0,74.24000000000001,2020-06-02 20:00:00
0,49.0,74.24000000000001,2020-06-02 20:20:00
0,50.0,74.6,2020-06-02 20:40:00
0,49.0,74.42,2020-06-02 21:00:00
0,49.0,74.24000000000001,2020-06-02 21:20:00
0,49.0,74.42,2020-06-02 21:40:00
0,49.0,73.88,2020-06-02 22:00:00
0,50.0,73.52,2020-06-02 22:20:00
0,49.0,73.34,2020-06-02 22:40:00
0,49.0,73.16,2020-06-02 23:00:00
0,50.0,73.16,2020-06-02 23:20:00
0,50.0,73.16,2020-06-02 23:40:00
0,49.0,73.16,2020-06-03 00:00:00
0,50.0,72.80000000000001,2020-06-03 00:20:00
0,49.0,72.80000000000001,2020-06-03 00:40:00
0,50.0,72.80000000000001,2020-06-03 01:00:00
0,49.0,72.80000000000001,2020-06-03 01:20:00
0,49.0,72.62,2020-06-03 01:40:00
0,50.0,72.44,2020-06-03 02:00:00
0,50.0,72.08000000000001,2020-06-03 02:20:00
0,49.0,72.08000000000001,2020-06-03 02:40:00
0,49.0,71.9,2020-06-03 03:00:00
0,50.0,71.72,2020-06-03 03:20:00
0,49.0,71.53999999999999,2020-06-03 03:40:00
0,49.0,71.36,2020-06-03 04:00:00
0,50.0,71.18,2020-06-03 04:20:00
0,50.0,71.18,2020-06-03 04:40:00
0,50.0,71.0,2020-06-03 05:00:00
0,49.0,71.0,2020-06-03 05:20:00
0,50.0,70.82,2020-06-03 05:40:00
0,50.0,70.64,2020-06-03 06:00:00
0,49.0,70.82,2020-06-03 06:20:00
0,50.0,70.82,2020-06-03 06:40:00
0,50.0,70.64,2020-06-03 07:00:00
0,49.0,71.0,2020-06-03 07:20:00
0,50.0,71.36,2020-06-03 07:40:00
0,50.0,71.53999999999999,2020-06-03 08:00:00
0,50.0,71.72,2020-06-03 08:20:00
0,50.0,71.9,2020-06-03 08:40:00
0,50.0,71.9,2020-06-03 09:00:00
0,50.0,72.25999999999999,2020-06-03 09:20:00
0,50.0,72.44,2020-06-03 09:40:00
0,50.0,72.62,2020-06-03 10:00:00
0,50.0,72.80000000000001,2020-06-03 10:20:00
0,49.0,73.34,2020-06-03 10:40:00
0,49.0,73.7,2020-06-03 11:00:00
0,49.0,74.06,2020-06-03 11:20:00
0,49.0,74.24000000000001,2020-06-03 11:40:00
0,50.0,74.24000000000001,2020-06-03 12:00:00
0,49.0,74.42,2020-06-03 12:20:00
0,49.0,74.24000000000001,2020-06-03 12:40:00
0,49.0,74.24000000000001,2020-06-03 13:00:00
0,49.0,74.42,2020-06-03 13:20:00
0,48.0,74.42,2020-06-03 13:40:00
0,50.0,74.24000000000001,2020-06-03 14:00:00
0,49.0,74.42,2020-06-03 14:20:00
0,49.0,74.42,2020-06-03 14:40:00
0,49.0,74.42,2020-06-03 15:00:00
0,48.0,74.42,2020-06-03 15:20:00
0,49.0,74.42,2020-06-03 15:40:00
0,48.0,74.42,2020-06-03 16:00:00
0,50.0,74.42,2020-06-03 16:20:00
0,48.0,74.6,2020-06-03 16:40:00
0,50.0,74.78,2020-06-03 17:00:00
0,50.0,74.6,2020-06-03 17:20:00
0,49.0,74.96000000000001,2020-06-03 17:40:00
0,49.0,74.96000000000001,2020-06-03 18:00:00
0,49.0,74.96000000000001,2020-06-03 18:20:00
0,49.0,74.96000000000001,2020-06-03 18:40:00
0,48.0,74.96000000000001,2020-06-03 19:00:00
0,49.0,74.96000000000001,2020-06-03 19:20:00
0,49.0,74.96000000000001,2020-06-03 19:40:00
0,49.0,74.78,2020-06-03 20:00:00
0,49.0,74.78,2020-06-03 20:20:00
0,48.0,74.96000000000001,2020-06-03 20:40:00
0,48.0,74.96000000000001,2020-06-03 21:00:00
0,49.0,74.42,2020-06-03 21:20:00
0,48.0,74.42,2020-06-03 21:40:00
0,49.0,74.06,2020-06-03 22:00:00
0,48.0,74.06,2020-06-03 22:20:00
0,49.0,73.7,2020-06-03 22:40:00
0,49.0,73.7,2020-06-03 23:00:00
0,50.0,73.34,2020-06-03 23:20:00
0,49.0,73.34,2020-06-03 23:40:00
0,49.0,72.98,2020-06-04 00:00:00
0,49.0,72.80000000000001,2020-06-04 00:20:00
0,49.0,72.80000000000001,2020-06-04 00:40:00
0,49.0,72.62,2020-06-04 01:00:00
0,49.0,72.44,2020-06-04 01:20:00
0,49.0,72.25999999999999,2020-06-04 01:40:00
0,50.0,72.08000000000001,2020-06-04 02:00:00
0,49.0,72.08000000000001,2020-06-04 02:20:00
0,50.0,71.9,2020-06-04 02:40:00
0,50.0,71.72,2020-06-04 03:00:00
0,49.0,71.53999999999999,2020-06-04 03:20:00
0,49.0,71.36,2020-06-04 03:40:00
0,50.0,71.18,2020-06-04 04:00:00
0,50.0,71.0,2020-06-04 04:20:00
0,50.0,71.0,2020-06-04 04:40:00
0,50.0,70.82,2020-06-04 05:00:00
0,50.0,70.64,2020-06-04 05:20:00
0,50.0,70.64,2020-06-04 05:40:00
0,50.0,70.64,2020-06-04 06:00:00
0,49.0,70.46000000000001,2020-06-04 06:20:00
0,50.0,70.46000000000001,2020-06-04 06:40:00
0,50.0,70.46000000000001,2020-06-04 07:00:00
0,50.0,70.64,2020-06-04 07:20:00
0,50.0,71.0,2020-06-04 07:40:00
0,50.0,71.18,2020-06-04 08:00:00
0,49.0,71.18,2020-06-04 08:20:00
0,50.0,71.0,2020-06-04 08:40:00
0,50.0,71.18,2020-06-04 09:00:00
0,50.0,71.36,2020-06-04 09:20:00
0,50.0,71.72,2020-06-04 09:40:00
0,50.0,71.72,2020-06-04 10:00:00
0,48.0,72.08000000000001,2020-06-04 10:20:00
0,48.0,72.25999999999999,2020-06-04 10:40:00
0,49.0,72.08000000000001,2020-06-04 11:00:00
0,48.0,72.25999999999999,2020-06-04 11:20:00
0,49.0,72.44,2020-06-04 11:40:00
0,49.0,72.44,2020-06-04 12:00:00
0,49.0,72.44,2020-06-04 12:20:00
0,49.0,72.62,2020-06-04 12:40:00
0,48.0,72.62,2020-06-04 13:00:00
0,48.0,72.62,2020-06-04 13:20:00
0,48.0,72.62,2020-06-04 13:40:00
0,48.0,72.80000000000001,2020-06-04 14:00:00
0,48.0,72.80000000000001,2020-06-04 14:20:00
0,48.0,72.80000000000001,2020-06-04 14:40:00
0,48.0,72.80000000000001,2020-06-04 15:00:00
0,48.0,72.80000000000001,2020-06-04 15:20:00
0,48.0,72.80000000000001,2020-06-04 15:40:00
0,48.0,72.80000000000001,2020-06-04 16:00:00
0,49.0,72.98,2020-06-04 16:20:00
0,49.0,72.98,2020-06-04 16:40:00
0,49.0,72.98,2020-06-04 17:00:00
0,49.0,73.16,2020-06-04 17:20:00
0,49.0,72.98,2020-06-04 17:40:00
0,49.0,72.98,2020-06-04 18:00:00
0,49.0,73.34,2020-06-04 18:20:00
0,49.0,73.34,2020-06-04 18:40:00
0,49.0,73.52,2020-06-04 19:00:00
0,49.0,73.52,2020-06-04 19:20:00
0,49.0,73.7,2020-06-04 19:40:00
0,49.0,73.52,2020-06-04 20:00:00
0,48.0,73.7,2020-06-04 20:20:00
0,48.0,73.52,2020-06-04 20:40:00
0,48.0,73.52,2020-06-04 21:00:00
0,49.0,73.52,2020-06-04 21:20:00
0,49.0,73.52,2020-06-04 21:40:00
0,49.0,73.52,2020-06-04 22:00:00
0,49.0,73.16,2020-06-04 22:20:00
0,50.0,72.80000000000001,2020-06-04 22:40:00
0,50.0,72.44,2020-06-04 23:00:00
0,50.0,72.44,2020-06-04 23:20:00
0,50.0,72.25999999999999,2020-06-04 23:40:00
0,50.0,72.08000000000001,2020-06-05 00:00:00
0,50.0,71.9,2020-06-05 00:20:00
0,50.0,71.72,2020-06-05 00:40:00
0,50.0,71.53999999999999,2020-06-05 01:00:00
0,51.0,71.53999999999999,2020-06-05 01:20:00
0,50.0,71.36,2020-06-05 01:40:00
0,51.0,71.18,2020-06-05 02:00:00
0,51.0,71.0,2020-06-05 02:20:00
0,51.0,71.0,2020-06-05 02:40:00
0,51.0,70.82,2020-06-05 03:00:00
0,51.0,70.64,2020-06-05 03:20:00
0,51.0,70.64,2020-06-05 03:40:00
0,51.0,70.64,2020-06-05 04:00:00
0,51.0,70.46000000000001,2020-06-05 04:20:00
0,51.0,70.46000000000001,2020-06-05 04:40:00
0,51.0,70.28,2020-06-05 05:00:00
0,51.0,70.46000000000001,2020-06-05 05:20:00
0,51.0,70.28,2020-06-05 05:40:00
0,51.0,70.28,2020-06-05 06:00:00
0,51.0,70.1,2020-06-05 06:20:00
0,50.0,70.1,2020-06-05 06:40:00
0,50.0,69.92,2020-06-05 07:00:00
0,50.0,69.92,2020-06-05 07:20:00
0,50.0,70.1,2020-06-05 07:40:00
0,49.0,70.1,2020-06-05 08:00:00
0,49.0,70.28,2020-06-05 08:20:00
0,50.0,70.28,2020-06-05 08:40:00
0,50.0,70.46000000000001,2020-06-05 09:00:00
0,50.0,70.46000000000001,2020-06-05 09:20:00
0,49.0,70.64,2020-06-05 09:40:00
0,49.0,70.64,2020-06-05 10:00:00
0,49.0,70.82,2020-06-05 10:20:00
0,49.0,70.64,2020-06-05 10:40:00
0,50.0,70.64,2020-06-05 11:00:00
0,49.0,70.64,2020-06-05 11:20:00
0,49.0,70.64,2020-06-05 11:40:00
0,48.0,70.82,2020-06-05 12:00:00
0,48.0,71.18,2020-06-05 12:20:00
0,48.0,71.18,2020-06-05 12:40:00
0,48.0,71.18,2020-06-05 13:00:00
0,48.0,71.18,2020-06-05 13:20:00
0,48.0,71.18,2020-06-05 13:40:00
0,48.0,71.36,2020-06-05 14:00:00
0,48.0,71.53999999999999,2020-06-05 14:20:00
0,48.0,71.53999999999999,2020-06-05 14:40:00
0,48.0,71.53999999999999,2020-06-05 15:00:00
0,48.0,71.53999999999999,2020-06-05 15:20:00
0,48.0,71.72,2020-06-05 15:40:00
0,48.0,71.72,2020-06-05 16:00:00
0,48.0,71.9,2020-06-05 16:20:00
0,48.0,71.9,2020-06-05 16:40:00
0,48.0,72.08000000000001,2020-06-05 17:00:00
0,49.0,72.08000000000001,2020-06-05 17:20:00
0,49.0,71.72,2020-06-05 17:40:00
0,49.0,72.08000000000001,2020-06-05 18:00:00
0,49.0,71.9,2020-06-05 18:20:00
0,49.0,72.08000000000001,2020-06-05 18:40:00
0,49.0,72.08000000000001,2020-06-05 19:00:00
0,49.0,72.08000000000001,2020-06-05 19:20:00
0,50.0,72.08000000000001,2020-06-05 19:40:00
0,49.0,72.08000000000001,2020-06-05 20:00:00
0,49.0,72.44,2020-06-05 20:20:00
0,49.0,72.25999999999999,2020-06-05 20:40:00
0,49.0,71.9,2020-06-05 21:00:00
0,49.0,71.53999999999999,2020-06-05 21:20:00
0,50.0,71.36,2020-06-05 21:40:00
0,50.0,71.0,2020-06-05 22:00:00
0,50.0,70.82,2020-06-05 22:20:00
0,49.0,70.82,2020-06-05 22:40:00
0,49.0,70.64,2020-06-05 23:00:00
0,49.0,70.64,2020-06-05 23:20:00
0,49.0,70.46000000000001,2020-06-05 23:40:00
0,49.0,70.28,2020-06-06 00:00:00
0,49.0,70.28,2020-06-06 00:20:00
0,49.0,70.1,2020-06-06 00:40:00
0,49.0,70.1,2020-06-06 01:00:00
0,48.0,70.1,2020-06-06 01:20:00
0,49.0,69.74000000000001,2020-06-06 01:40:00
0,49.0,69.56,2020-06-06 02:00:00
0,49.0,69.38,2020-06-06 02:20:00
0,49.0,69.2,2020-06-06 02:40:00
0,49.0,69.02,2020-06-06 03:00:00
0,49.0,69.02,2020-06-06 03:20:00
0,49.0,68.84,2020-06-06 03:40:00
0,49.0,68.66,2020-06-06 04:00:00
0,48.0,68.66,2020-06-06 04:20:00
0,49.0,68.48,2020-06-06 04:40:00
0,49.0,68.30000000000001,2020-06-06 05:00:00
0,49.0,68.12,2020-06-06 05:20:00
0,49.0,67.94,2020-06-06 05:40:00
0,49.0,67.94,2020-06-06 06:00:00
0,49.0,67.75999999999999,2020-06-06 06:20:00
0,50.0,67.58000000000001,2020-06-06 06:40:00
0,49.0,67.75999999999999,2020-06-06 07:00:00
0,49.0,67.58000000000001,2020-06-06 07:20:00
0,50.0,67.58000000000001,2020-06-06 07:40:00
0,49.0,67.58000000000001,2020-06-06 08:00:00
0,50.0,67.4,2020-06-06 08:20:00
0,50.0,67.4,2020-06-06 08:40:00
0,50.0,67.4,2020-06-06 09:00:00
0,50.0,67.4,2020-06-06 09:20:00
0,49.0,67.58000000000001,2020-06-06 09:40:00
0,50.0,67.75999999999999,2020-06-06 10:00:00
0,49.0,67.94,2020-06-06 10:20:00
0,50.0,67.94,2020-06-06 10:40:00
0,49.0,67.94,2020-06-06 11:00:00
0,49.0,68.12,2020-06-06 11:20:00
0,49.0,68.12,2020-06-06 11:40:00
0,49.0,68.12,2020-06-06 12:00:00
0,49.0,68.12,2020-06-06 12:20:00
0,48.0,68.12,2020-06-06 12:40:00
0,50.0,68.12,2020-06-06 13:00:00
0,49.0,68.30000000000001,2020-06-06 13:20:00
0,49.0,68.48,2020-06-06 13:40:00
0,49.0,68.48,2020-06-06 14:00:00
0,48.0,68.66,2020-06-06 14:20:00
0,48.0,68.66,2020-06-06 14:40:00
0,49.0,68.66,2020-06-06 15:00:00
0,50.0,68.84,2020-06-06 15:20:00
0,49.0,69.02,2020-06-06 15:40:00
0,51.0,69.2,2020-06-06 16:00:00
0,50.0,69.74000000000001,2020-06-06 16:20:00
0,51.0,69.56,2020-06-06 16:40:00
0,51.0,69.56,2020-06-06 17:00:00
0,50.0,69.74000000000001,2020-06-06 17:20:00
0,50.0,69.92,2020-06-06 17:40:00
0,50.0,69.56,2020-06-06 18:00:00
0,50.0,69.92,2020-06-06 18:20:00
0,51.0,69.74000000000001,2020-06-06 18:40:00
0,51.0,69.74000000000001,2020-06-06 19:00:00
0,52.0,69.74000000000001,2020-06-06 19:20:00
0,51.0,69.92,2020-06-06 19:40:00
0,50.0,69.92,2020-06-06 20:00:00
0,50.0,69.92,2020-06-06 20:20:00
0,49.0,69.74000000000001,2020-06-06 20:40:00
0,50.0,69.56,2020-06-06 21:00:00
0,50.0,69.38,2020-06-06 21:20:00
0,50.0,69.2,2020-06-06 21:40:00
0,50.0,68.84,2020-06-06 22:00:00
0,49.0,68.84,2020-06-06 22:20:00
0,50.0,68.30000000000001,2020-06-06 22:40:00
0,49.0,68.30000000000001,2020-06-06 23:00:00
0,49.0,68.12,2020-06-06 23:20:00
0,49.0,67.75999999999999,2020-06-06 23:40:00
0,49.0,67.58000000000001,2020-06-07 00:00:00
0,49.0,67.58000000000001,2020-06-07 00:20:00
0,49.0,67.4,2020-06-07 00:40:00
0,49.0,67.22,2020-06-07 01:00:00
0,50.0,67.03999999999999,2020-06-07 01:20:00
0,49.0,66.86,2020-06-07 01:40:00
0,49.0,66.68,2020-06-07 02:00:00
0,49.0,66.5,2020-06-07 02:20:00
0,49.0,66.5,2020-06-07 02:40:00
0,49.0,66.14,2020-06-07 03:00:00
0,49.0,66.14,2020-06-07 03:20:00
0,49.0,65.78,2020-06-07 03:40:00
0,49.0,65.6,2020-06-07 04:00:00
0,49.0,65.6,2020-06-07 04:20:00
0,49.0,65.6,2020-06-07 04:40:00
0,50.0,65.24000000000001,2020-06-07 05:00:00
0,49.0,65.24000000000001,2020-06-07 05:20:00
0,48.0,65.06,2020-06-07 05:40:00
0,48.0,64.88,2020-06-07 06:00:00
0,49.0,64.7,2020-06-07 06:20:00
0,48.0,64.52,2020-06-07 06:40:00
0,49.0,64.52,2020-06-07 07:00:00
0,49.0,64.34,2020-06-07 07:20:00
0,49.0,64.34,2020-06-07 07:40:00
0,48.0,64.34,2020-06-07 08:00:00
0,48.0,63.980000000000004,2020-06-07 08:20:00
0,49.0,64.34,2020-06-07 08:40:00
0,49.0,64.52,2020-06-07 09:00:00
0,53.0,64.88,2020-06-07 09:20:00
0,52.0,64.88,2020-06-07 09:40:00
0,50.0,64.88,2020-06-07 10:00:00
0,49.0,64.88,2020-06-07 10:20:00
0,50.0,65.06,2020-06-07 10:40:00
0,49.0,64.88,2020-06-07 11:00:00
0,50.0,65.06,2020-06-07 11:20:00
0,49.0,65.06,2020-06-07 11:40:00
0,49.0,64.88,2020-06-07 12:00:00
0,49.0,64.7,2020-06-07 12:20:00
0,48.0,64.7,2020-06-07 12:40:00
0,49.0,64.52,2020-06-07 13:00:00
0,49.0,64.52,2020-06-07 13:20:00
0,49.0,64.52,2020-06-07 13:40:00
0,49.0,64.52,2020-06-07 14:00:00
0,50.0,64.34,2020-06-07 14:20:00
0,49.0,63.980000000000004,2020-06-07 14:40:00
0,49.0,64.16,2020-06-07 15:00:00
0,49.0,64.16,2020-06-07 15:20:00
0,49.0,63.980000000000004,2020-06-07 15:40:00
0,50.0,64.16,2020-06-07 16:00:00
0,49.0,63.980000000000004,2020-06-07 16:20:00
0,49.0,63.980000000000004,2020-06-07 16:40:00
0,50.0,63.80000000000001,2020-06-07 17:00:00
0,50.0,63.80000000000001,2020-06-07 17:20:00
0,49.0,63.620000000000005,2020-06-07 17:40:00
0,49.0,63.620000000000005,2020-06-07 18:00:00
0,49.0,64.16,2020-06-07 18:20:00
0,49.0,64.34,2020-06-07 18:40:00
0,50.0,64.52,2020-06-07 19:00:00
0,50.0,64.88,2020-06-07 19:20:00
0,50.0,64.7,2020-06-07 19:40:00
0,50.0,64.34,2020-06-07 20:00:00
0,49.0,64.34,2020-06-07 20:20:00
0,48.0,64.16,2020-06-07 20:40:00
0,48.0,63.980000000000004,2020-06-07 21:00:00
0,48.0,64.16,2020-06-07 21:20:00
0,49.0,63.980000000000004,2020-06-07 21:40:00
0,49.0,63.620000000000005,2020-06-07 22:00:00
0,49.0,63.620000000000005,2020-06-07 22:20:00
0,49.0,63.25999999999999,2020-06-07 22:40:00
0,49.0,63.08000000000001,2020-06-07 23:00:00
0,48.0,62.900000000000006,2020-06-07 23:20:00
0,48.0,62.900000000000006,2020-06-07 23:40:00
0,48.0,62.72,2020-06-08 00:00:00
0,48.0,62.53999999999999,2020-06-08 00:20:00
0,48.0,62.36,2020-06-08 00:40:00
0,49.0,62.18000000000001,2020-06-08 01:00:00
0,49.0,62.18000000000001,2020-06-08 01:20:00
0,48.0,62.0,2020-06-08 01:40:00
0,49.0,61.81999999999999,2020-06-08 02:00:00
0,48.0,61.64,2020-06-08 02:20:00
0,48.0,61.64,2020-06-08 02:40:00
0,48.0,61.64,2020-06-08 03:00:00
0,48.0,61.28,2020-06-08 03:20:00
0,48.0,61.28,2020-06-08 03:40:00
0,49.0,61.28,2020-06-08 04:00:00
0,48.0,61.099999999999994,2020-06-08 04:20:00
0,48.0,61.099999999999994,2020-06-08 04:40:00
0,47.0,61.099999999999994,2020-06-08 05:00:00
0,48.0,61.099999999999994,2020-06-08 05:20:00
0,49.0,60.92,2020-06-08 05:40:00
0,49.0,60.92,2020-06-08 06:00:00
0,48.0,60.92,2020-06-08 06:20:00
0,48.0,60.92,2020-06-08 06:40:00
0,49.0,62.0,2020-06-08 07:00:00
0,50.0,62.900000000000006,2020-06-08 07:20:00
0,51.0,63.980000000000004,2020-06-08 07:40:00
0,50.0,64.34,2020-06-08 08:00:00
0,50.0,64.7,2020-06-08 08:20:00
0,49.0,64.7,2020-06-08 08:40:00
0,50.0,64.7,2020-06-08 09:00:00
0,49.0,64.7,2020-06-08 09:20:00
0,49.0,64.88,2020-06-08 09:40:00
0,50.0,65.06,2020-06-08 10:00:00
0,49.0,65.24000000000001,2020-06-08 10:20:00
0,50.0,65.42,2020-06-08 10:40:00
0,49.0,65.42,2020-06-08 11:00:00
0,49.0,65.6,2020-06-08 11:20:00
0,49.0,65.6,2020-06-08 11:40:00
0,49.0,65.96000000000001,2020-06-08 12:00:00
0,49.0,65.78,2020-06-08 12:20:00
0,48.0,65.96000000000001,2020-06-08 12:40:00
0,49.0,66.32,2020-06-08 13:00:00
0,49.0,66.5,2020-06-08 13:20:00
0,48.0,66.68,2020-06-08 13:40:00
0,49.0,66.68,2020-06-08 14:00:00
0,48.0,67.03999999999999,2020-06-08 14:20:00
0,49.0,67.22,2020-06-08 14:40:00
0,47.0,67.22,2020-06-08 15:00:00
0,48.0,67.22,2020-06-08 15:20:00
0,49.0,67.4,2020-06-08 15:40:00
0,48.0,67.75999999999999,2020-06-08 16:00:00
0,48.0,67.94,2020-06-08 16:20:00
0,47.0,67.94,2020-06-08 16:40:00
0,48.0,68.12,2020-06-08 17:00:00
0,48.0,67.94,2020-06-08 17:20:00
0,48.0,68.30000000000001,2020-06-08 17:40:00
0,48.0,68.48,2020-06-08 18:00:00
0,48.0,68.30000000000001,2020-06-08 18:20:00
0,48.0,68.66,2020-06-08 18:40:00
0,48.0,68.84,2020-06-08 19:00:00
0,48.0,68.84,2020-06-08 19:20:00
0,48.0,68.66,2020-06-08 19:40:00
0,49.0,68.84,2020-06-08 20:00:00
0,49.0,69.02,2020-06-08 20:20:00
0,48.0,69.2,2020-06-08 20:40:00
0,48.0,69.56,2020-06-08 21:00:00
0,49.0,69.38,2020-06-08 21:20:00
0,47.0,69.74000000000001,2020-06-08 21:40:00
0,49.0,69.74000000000001,2020-06-08 22:00:00
0,48.0,69.74000000000001,2020-06-08 22:20:00
0,48.0,69.74000000000001,2020-06-08 22:40:00
0,48.0,69.92,2020-06-08 23:00:00
0,47.0,69.92,2020-06-08 23:20:00
0,48.0,69.74000000000001,2020-06-08 23:40:00
0,48.0,69.56,2020-06-09 00:00:00
0,48.0,69.92,2020-06-09 00:20:00
0,48.0,69.92,2020-06-09 00:40:00
0,47.0,69.92,2020-06-09 01:00:00
0,48.0,69.92,2020-06-09 01:20:00
0,47.0,69.92,2020-06-09 01:40:00
0,47.0,69.92,2020-06-09 02:00:00
0,47.0,70.1,2020-06-09 02:20:00
0,48.0,69.92,2020-06-09 02:40:00
0,47.0,69.92,2020-06-09 03:00:00
0,48.0,69.92,2020-06-09 03:20:00
0,48.0,69.92,2020-06-09 03:40:00
0,48.0,69.74000000000001,2020-06-09 04:00:00
0,50.0,69.56,2020-06-09 04:20:00
0,48.0,69.74000000000001,2020-06-09 04:40:00
0,49.0,69.56,2020-06-09 05:00:00
0,49.0,69.56,2020-06-09 05:20:00
0,49.0,69.38,2020-06-09 05:40:00
0,50.0,69.02,2020-06-09 06:00:00
0,49.0,69.2,2020-06-09 06:20:00
0,48.0,69.2,2020-06-09 06:40:00
0,48.0,69.2,2020-06-09 07:00:00
0,48.0,69.56,2020-06-09 07:20:00
0,48.0,69.74000000000001,2020-06-09 07:40:00
0,48.0,70.1,2020-06-09 08:00:00
0,48.0,70.1,2020-06-09 08:20:00
0,48.0,70.46000000000001,2020-06-09 08:40:00
0,49.0,70.64,2020-06-09 09:00:00
0,48.0,70.82,2020-06-09 09:20:00
0,49.0,71.0,2020-06-09 09:40:00
0,49.0,71.36,2020-06-09 10:00:00
0,50.0,71.53999999999999,2020-06-09 10:20:00
0,49.0,71.9,2020-06-09 10:40:00
0,49.0,71.9,2020-06-09 11:00:00
0,49.0,72.25999999999999,2020-06-09 11:20:00
0,49.0,72.44,2020-06-09 11:40:00
0,49.0,72.62,2020-06-09 12:00:00
0,49.0,72.80000000000001,2020-06-09 12:20:00
0,50.0,72.98,2020-06-09 12:40:00
0,49.0,72.98,2020-06-09 12:20:00
0,50.0,73.16,2020-06-09 13:00:00
0,49.0,73.52,2020-06-09 13:20:00
0,49.0,73.52,2020-06-09 13:40:00
0,49.0,73.52,2020-06-09 14:00:00
0,49.0,73.88,2020-06-09 14:20:00
0,49.0,74.06,2020-06-09 14:40:00
0,49.0,74.24000000000001,2020-06-09 15:00:00
0,49.0,74.24000000000001,2020-06-09 15:20:00
0,48.0,74.42,2020-06-09 15:40:00
0,48.0,74.6,2020-06-09 16:00:00
0,51.0,74.6,2020-06-09 16:20:00
0,50.0,74.78,2020-06-09 16:40:00
0,50.0,74.96000000000001,2020-06-09 17:00:00
0,50.0,75.14,2020-06-09 17:20:00
0,49.0,75.32,2020-06-09 17:40:00
0,49.0,75.14,2020-06-09 18:00:00
0,50.0,75.32,2020-06-09 18:20:00
0,50.0,75.5,2020-06-09 18:40:00
0,49.0,75.5,2020-06-09 19:00:00
0,48.0,75.68,2020-06-09 19:20:00
0,49.0,75.5,2020-06-09 19:40:00
0,48.0,75.5,2020-06-09 20:00:00
0,48.0,75.68,2020-06-09 20:20:00
0,48.0,75.5,2020-06-09 20:40:00
0,48.0,75.32,2020-06-09 21:00:00
0,48.0,75.32,2020-06-09 21:20:00
0,48.0,75.5,2020-06-09 21:40:00
0,48.0,75.32,2020-06-09 22:00:00
0,48.0,75.32,2020-06-09 22:20:00
0,48.0,75.32,2020-06-09 22:40:00
0,48.0,74.96000000000001,2020-06-09 23:00:00
0,48.0,74.78,2020-06-09 23:20:00
0,48.0,75.14,2020-06-09 23:40:00
0,47.0,74.78,2020-06-10 00:00:00
0,48.0,74.6,2020-06-10 00:20:00
0,48.0,74.24000000000001,2020-06-10 00:40:00
0,48.0,74.42,2020-06-10 01:00:00
0,48.0,74.24000000000001,2020-06-10 01:20:00
0,48.0,74.06,2020-06-10 01:40:00
0,49.0,73.7,2020-06-10 02:00:00
0,49.0,73.52,2020-06-10 02:20:00
0,49.0,73.34,2020-06-10 02:40:00
0,49.0,73.16,2020-06-10 03:00:00
0,49.0,72.98,2020-06-10 03:20:00
0,49.0,72.80000000000001,2020-06-10 03:40:00
0,50.0,72.62,2020-06-10 04:00:00
0,49.0,72.62,2020-06-10 04:20:00
0,50.0,72.25999999999999,2020-06-10 04:40:00
0,51.0,72.08000000000001,2020-06-10 05:00:00
0,51.0,71.9,2020-06-10 05:20:00
0,52.0,71.72,2020-06-10 05:40:00
0,52.0,71.53999999999999,2020-06-10 06:00:00
0,52.0,71.36,2020-06-10 06:20:00
0,52.0,71.0,2020-06-10 06:40:00
0,53.0,71.0,2020-06-10 07:00:00
0,55.0,70.82,2020-06-10 07:20:00
0,55.0,70.64,2020-06-10 07:40:00
0,55.0,70.46000000000001,2020-06-10 08:00:00
0,55.0,70.28,2020-06-10 08:20:00
0,55.0,70.28,2020-06-10 08:40:00
0,56.0,70.1,2020-06-10 09:00:00
0,55.0,69.92,2020-06-10 09:20:00
0,52.0,70.1,2020-06-10 09:40:00
0,52.0,70.1,2020-06-10 10:00:00
0,51.0,70.1,2020-06-10 10:20:00
0,50.0,70.28,2020-06-10 10:40:00
0,49.0,70.1,2020-06-10 11:00:00
0,49.0,70.28,2020-06-10 11:20:00
0,51.0,70.46000000000001,2020-06-10 11:40:00
0,52.0,70.64,2020-06-10 12:00:00
0,53.0,70.64,2020-06-10 12:20:00
0,53.0,70.82,2020-06-10 12:40:00
0,51.0,70.64,2020-06-10 13:00:00
0,50.0,70.64,2020-06-10 13:20:00
0,49.0,70.46000000000001,2020-06-10 13:40:00
0,49.0,70.28,2020-06-10 14:00:00
0,48.0,70.1,2020-06-10 14:20:00
0,49.0,70.28,2020-06-10 14:40:00
0,50.0,70.28,2020-06-10 15:00:00
0,49.0,70.46000000000001,2020-06-10 15:20:00
0,49.0,70.46000000000001,2020-06-10 15:40:00
0,48.0,70.64,2020-06-10 16:00:00
0,48.0,70.46000000000001,2020-06-10 16:20:00
0,48.0,70.46000000000001,2020-06-10 16:40:00
0,50.0,70.28,2020-06-10 17:00:00
0,50.0,70.28,2020-06-10 17:20:00
0,49.0,70.28,2020-06-10 17:40:00
0,50.0,70.1,2020-06-10 18:00:00
0,49.0,70.28,2020-06-10 18:20:00
0,49.0,70.1,2020-06-10 18:40:00
0,50.0,70.1,2020-06-10 19:00:00
0,50.0,70.1,2020-06-10 19:20:00
0,49.0,70.1,2020-06-10 19:40:00
0,49.0,69.92,2020-06-10 20:00:00
0,49.0,69.92,2020-06-10 20:20:00
0,49.0,69.92,2020-06-10 20:40:00
0,49.0,69.74000000000001,2020-06-10 21:00:00
0,48.0,69.74000000000001,2020-06-10 21:20:00
0,49.0,69.56,2020-06-10 21:40:00
0,48.0,69.2,2020-06-10 22:00:00
0,47.0,68.84,2020-06-10 22:20:00
0,47.0,68.84,2020-06-10 22:40:00
0,47.0,68.66,2020-06-10 23:00:00
0,47.0,68.48,2020-06-10 23:20:00
0,47.0,68.12,2020-06-10 23:40:00
0,49.0,67.75999999999999,2020-06-11 00:00:00
0,49.0,67.58000000000001,2020-06-11 00:20:00
0,49.0,67.4,2020-06-11 00:40:00
0,50.0,67.03999999999999,2020-06-11 01:00:00
0,50.0,67.03999999999999,2020-06-11 01:20:00
0,51.0,66.86,2020-06-11 01:40:00
0,51.0,66.5,2020-06-11 02:00:00
0,51.0,66.32,2020-06-11 02:20:00
0,51.0,66.14,2020-06-11 02:40:00
0,51.0,65.96000000000001,2020-06-11 03:00:00
0,51.0,65.6,2020-06-11 03:20:00
0,51.0,65.6,2020-06-11 03:40:00
0,52.0,65.42,2020-06-11 04:00:00
0,52.0,65.42,2020-06-11 04:20:00
0,52.0,65.06,2020-06-11 04:40:00
0,52.0,64.88,2020-06-11 05:00:00
0,52.0,64.7,2020-06-11 05:20:00
0,52.0,64.52,2020-06-11 05:40:00
0,53.0,64.52,2020-06-11 06:00:00
0,54.0,64.52,2020-06-11 06:20:00
0,51.0,64.7,2020-06-11 06:40:00
0,50.0,64.52,2020-06-11 07:00:00
0,49.0,64.52,2020-06-11 07:20:00
0,49.0,64.52,2020-06-11 07:40:00
0,49.0,64.52,2020-06-11 08:00:00
0,49.0,64.52,2020-06-11 08:20:00
0,50.0,65.06,2020-06-11 08:40:00
0,49.0,65.06,2020-06-11 09:00:00
0,49.0,65.24000000000001,2020-06-11 09:20:00
0,48.0,65.42,2020-06-11 09:40:00
0,48.0,65.78,2020-06-11 10:00:00
0,48.0,66.14,2020-06-11 10:20:00
0,49.0,66.32,2020-06-11 10:40:00
0,49.0,66.32,2020-06-11 11:00:00
0,48.0,66.32,2020-06-11 11:20:00
0,49.0,66.5,2020-06-11 11:40:00
0,49.0,66.32,2020-06-11 12:00:00
0,48.0,66.68,2020-06-11 12:20:00
0,48.0,66.68,2020-06-11 12:40:00
0,48.0,66.68,2020-06-11 13:00:00
0,48.0,66.86,2020-06-11 13:20:00
0,47.0,66.68,2020-06-11 13:40:00
0,49.0,66.68,2020-06-11 14:00:00
0,48.0,66.86,2020-06-11 14:20:00
0,48.0,67.22,2020-06-11 14:40:00
0,49.0,66.86,2020-06-11 15:00:00
0,48.0,67.03999999999999,2020-06-11 15:20:00
0,48.0,66.86,2020-06-11 15:40:00
0,48.0,67.03999999999999,2020-06-11 16:00:00
0,47.0,67.03999999999999,2020-06-11 16:20:00
0,47.0,67.22,2020-06-11 16:40:00
0,47.0,67.22,2020-06-11 17:00:00
0,47.0,67.03999999999999,2020-06-11 17:20:00
0,49.0,67.03999999999999,2020-06-11 17:40:00
0,50.0,67.22,2020-06-11 18:00:00
0,49.0,67.03999999999999,2020-06-11 18:20:00
0,49.0,66.86,2020-06-11 18:40:00
0,49.0,66.86,2020-06-11 19:00:00
0,48.0,67.03999999999999,2020-06-11 19:20:00
0,48.0,66.86,2020-06-11 19:40:00
0,48.0,66.86,2020-06-11 20:00:00
0,47.0,66.68,2020-06-11 20:20:00
0,47.0,66.32,2020-06-11 20:40:00
0,47.0,66.14,2020-06-11 21:00:00
0,48.0,65.78,2020-06-11 21:20:00
0,47.0,65.42,2020-06-11 21:40:00
0,47.0,65.24000000000001,2020-06-11 22:00:00
0,48.0,64.88,2020-06-11 22:20:00
0,48.0,64.52,2020-06-11 22:40:00
0,48.0,64.34,2020-06-11 23:00:00
0,48.0,64.34,2020-06-11 23:20:00
0,48.0,63.980000000000004,2020-06-11 23:40:00
